112  
14   

1    
  0.0027612402738628   0.0033144663507802   0.0090216331647626
  -0.0083626800    0.0046372200   -0.2908523500
   0.0001105100    0.0273719800   -0.0431845000
  -0.0000724800    0.0280348100   -0.0247552100
   0.0000362700    0.0275334100   -0.0182221700
   0.0000020000    0.0273387500    0.0099085700
  -0.0000011300    0.0274035700    0.0099704600
  -0.0000077500    0.0273548700    0.0077981100
   0.0000084000    0.0274370900    0.0081458800
  -0.0007578200    0.0175068700   -0.0533721800
   0.0001174800    0.0434279100   -0.0537162500
  -0.0003611500    0.0596766900   -0.0480329500
   0.0000777500    0.0484873300   -0.0530422900
   0.0000191400    0.0462369300   -0.0506261100
  -0.0000177800    0.0460459400   -0.0506364500
  -0.0000059600    0.0439765100   -0.0506067700
   0.0000089400    0.0443368800   -0.0505916500
   0.0353976600    0.0399371000   -0.1011311500
  -0.0307923000    0.0399766500   -0.1070846200
   0.0017297900    0.0353053700   -0.1176955200
  -0.0017473700    0.0352739500   -0.1179750500
  -0.0001346300    0.0377838000   -0.1122126700
   0.0001458300    0.0378820200   -0.1119494900
   0.0000506500    0.0374372900   -0.1124951100
  -0.0000471000    0.0374902300   -0.1124504500
   0.0001602200   -0.0380296900    0.1149843800
  -0.0001626600   -0.0373751200    0.1140643300
   0.0001141800   -0.0277286900    0.1344209900
   0.0003966600   -0.0379120400    0.1156015800
  -0.0002425500   -0.0362985400    0.1181998300
   0.0002498000   -0.0363381800    0.1180963200
  -0.0001491000   -0.0356911000    0.1191776700
   0.0001463500   -0.0356875900    0.1189432000
   0.0005375700   -0.0500742800    0.0523921600
  -0.0005611900   -0.0491288300    0.0523803800
   0.0004667400   -0.0418882900    0.0517450100
  -0.0004717800   -0.0423495900    0.0517595200
  -0.0000088500   -0.0453324400    0.0519999900
   0.0000064900   -0.0458956500    0.0519897300
   0.0000213300   -0.0454963800    0.0522241100
  -0.0000163100   -0.0460520100    0.0522399300
   0.0000549800   -0.0270053300    0.0045170900
  -0.0000536200   -0.0269712700    0.0054550400
   0.0006513800   -0.0280515700    0.0127928100
  -0.0006525900   -0.0279711700    0.0122903300
  -0.0000365800   -0.0279398300    0.0043371200
   0.0000406200   -0.0279309400    0.0043749700
  -0.0008312200   -0.0270612400    0.0130360000
   0.0008298800   -0.0269053200    0.0126408700
   0.0000068500   -0.0453227900   -0.0507227600
  -0.0000072400   -0.0466572800   -0.0507039800
  -0.0000218500   -0.0447020000   -0.0504916700
   0.0000249100   -0.0443429400   -0.0505313300
  -0.0006262800   -0.0413202400   -0.0503550000
   0.0006029500   -0.0422003000   -0.0503116800
  -0.0005492600   -0.0488242400   -0.0510525400
   0.0005379900   -0.0477195000   -0.0510995900
  -0.0004948500   -0.0374230700   -0.1128502100
   0.0004971300   -0.0373713800   -0.1130241300
   0.0000830400   -0.0380109000   -0.1113173500
  -0.0000862800   -0.0379645600   -0.1116254000
  -0.0003375700   -0.0354085400   -0.1167555300
   0.0003309000   -0.0362158000   -0.1175270200
   0.0005119500   -0.0478194300   -0.0925364600
  -0.0000174200   -0.0355443300   -0.1152631400
  -0.0001848300    0.0358410500    0.1191169800
   0.0001862800    0.0358389500    0.1192014100
  -0.0001945900    0.0361591200    0.1183251700
   0.0001958500    0.0362856800    0.1179788600
  -0.0305822600    0.0327951300    0.1225775900
   0.0350358000    0.0327340300    0.1288437000
  -0.0014422800    0.0387576200    0.1125001300
   0.0014361800    0.0388096000    0.1122825800
   0.0000062900    0.0458169100    0.0520869200
  -0.0000064700    0.0455175500    0.0520945200
  -0.0000053100    0.0458587000    0.0521611400
   0.0000090500    0.0454623800    0.0521584100
  -0.0007168200    0.0770128000    0.0601464600
   0.0001132200    0.0485145400    0.0491482400
  -0.0003609400    0.0362607300    0.0511183500
   0.0000872200    0.0411644600    0.0496354700
   0.0015285500   -0.1543747400    0.0604281300
  -0.0021333000   -0.1294758000    0.0020837700
   0.0001929700   -0.1321082100   -0.0153414400
  -0.0001450200   -0.1335401000   -0.0172169900
   0.0000108400   -0.1308320900   -0.0404429800
  -0.0000216500   -0.1307546700   -0.0404593800
   0.0000764100   -0.1300544200   -0.0385625600
  -0.0000711900   -0.1301669500   -0.0386762800
  -0.0013103700    0.1345773200    0.0289363200
   0.0013222600    0.1343254700    0.0287399000
  -0.0076550400    0.1287002100    0.0170679100
   0.0080531200    0.1290725500    0.0182268400
   0.0000148000    0.1313497600    0.0257123000
  -0.0000136900    0.1312994300    0.0256658000
   0.0000755400    0.1319753800    0.0204794900
  -0.0000732000    0.1324148200    0.0204212700
   0.0000190600    0.1307947000   -0.0371885800
  -0.0000166900    0.1308378700   -0.0372069300
   0.0000080600    0.1302181600   -0.0422868400
  -0.0000014000    0.1302504200   -0.0421437200
   0.0012379300    0.1276692400   -0.0328668300
  -0.0012416200    0.1276864500   -0.0326921200
   0.0098029600    0.1334690000   -0.0442684500
  -0.0093943400    0.1333822000   -0.0454223100
   0.0000347500   -0.1316034600    0.0216438800
  -0.0000408100   -0.1316198600    0.0217918900
   0.0000384000   -0.1319240400    0.0236969200
  -0.0000488900   -0.1318187700    0.0236873000
   0.0019056300   -0.0882437400    0.1407444600
  -0.0021180000   -0.1324052900    0.0641573900
   0.0001504100   -0.1331046100    0.0476469200
  -0.0001038500   -0.1287562500    0.0455833600

1    
 -0.0027612402738628  -0.0033144663507802  -0.0090216331647626
   0.0082561700    0.0546621300    0.2940725700
  -0.0001201700    0.0276783700    0.0433963200
   0.0000691200    0.0268951100    0.0254357000
  -0.0000316300    0.0274679300    0.0190159100
   0.0000028100    0.0275828100   -0.0094598200
  -0.0000028600    0.0275452700   -0.0093577400
  -0.0000091200    0.0274454000   -0.0084182600
   0.0000074900    0.0275072600   -0.0081923100
   0.0007332200    0.0731647500   -0.0498117200
  -0.0001151300    0.0482940500   -0.0490112200
   0.0003503300    0.0306905200   -0.0546695000
  -0.0000810600    0.0417976200   -0.0497134600
   0.0000126100    0.0455521200   -0.0520994400
  -0.0000122900    0.0457169600   -0.0520858300
  -0.0000076800    0.0449352800   -0.0521403800
   0.0000078200    0.0451367600   -0.0521166200
  -0.0349552700    0.0339418100   -0.1300617800
   0.0304924700    0.0338833100   -0.1241009900
  -0.0019617200    0.0385791400   -0.1127959900
   0.0019748900    0.0385442200   -0.1129043200
  -0.0000166000    0.0360499200   -0.1191760200
   0.0000232600    0.0360132000   -0.1192263700
   0.0000858600    0.0362628000   -0.1179371600
  -0.0000850400    0.0362889100   -0.1179347200
   0.0001053100   -0.0357918900    0.1160898000
  -0.0001102500   -0.0364091700    0.1170300500
  -0.0000096300   -0.0460003700    0.0962356000
  -0.0004667500   -0.0358761700    0.1149596500
  -0.0001749900   -0.0373655700    0.1132075100
   0.0001792300   -0.0373996100    0.1132120100
   0.0002035800   -0.0379543400    0.1111785000
  -0.0002098700   -0.0379580600    0.1114417500
  -0.0005502100   -0.0425420200    0.0503256600
   0.0005753500   -0.0418000600    0.0503221700
  -0.0004595000   -0.0478081300    0.0509621600
   0.0004632000   -0.0479910100    0.0509614400
   0.0000145400   -0.0466383900    0.0507134900
  -0.0000147700   -0.0469578200    0.0506712100
  -0.0000294200   -0.0440960000    0.0504421800
   0.0000260500   -0.0438433400    0.0504394600
  -0.0000600600   -0.0279876100   -0.0053741700
   0.0000606200   -0.0280063200   -0.0048888600
  -0.0006480600   -0.0269769000   -0.0127658300
   0.0006494400   -0.0271427700   -0.0121753800
   0.0000398700   -0.0268558800   -0.0047627700
  -0.0000436200   -0.0269088300   -0.0050445100
   0.0008285300   -0.0277195000   -0.0125266100
  -0.0008254900   -0.0278547400   -0.0130878000
  -0.0000083700   -0.0438893800   -0.0519963400
   0.0000067400   -0.0450336900   -0.0519675700
   0.0000245200   -0.0465827600   -0.0522001900
  -0.0000265400   -0.0461577900   -0.0521630500
   0.0006201700   -0.0497017900   -0.0523485500
  -0.0005955800   -0.0501173300   -0.0523576900
   0.0005561800   -0.0425872100   -0.0516144000
  -0.0005492200   -0.0414445900   -0.0516207700
  -0.0002605000   -0.0363457200   -0.1179633600
   0.0002615700   -0.0363536800   -0.1179168800
   0.0000338900   -0.0358296400   -0.1193168500
  -0.0000421300   -0.0358134700   -0.1191216800
   0.0000153200   -0.0382541100   -0.1145577300
  -0.0000170300   -0.0373726200   -0.1139650900
   0.0001169500   -0.0256471600   -0.1386316800
  -0.0006422500   -0.0381026300   -0.1154016100
  -0.0000967000    0.0379311300    0.1118363800
   0.0000958900    0.0379289700    0.1119304500
  -0.0000262000    0.0375440400    0.1127610800
   0.0000292100    0.0376310800    0.1125301900
   0.0310206000    0.0413273600    0.1083820200
  -0.0356281600    0.0412318200    0.1024315400
   0.0011485700    0.0350513200    0.1181732000
  -0.0011436900    0.0350331100    0.1181075200
   0.0000089900    0.0453794700    0.0505885700
  -0.0000110600    0.0453230500    0.0505990200
  -0.0000063600    0.0441015200    0.0506186200
   0.0000059100    0.0442016200    0.0506059800
   0.0007810800    0.0132588200    0.0425225200
  -0.0001240200    0.0432803400    0.0535698900
   0.0003523700    0.0534546800    0.0516837500
  -0.0000735500    0.0472537600    0.0531512400
  -0.0019162200   -0.1089187800   -0.1159319600
   0.0021702100   -0.1324063300   -0.0643351900
  -0.0001001500   -0.1291895600   -0.0472209700
   0.0000675700   -0.1280265800   -0.0453836900
  -0.0000264500   -0.1309269300   -0.0217864100
   0.0000354800   -0.1310087400   -0.0219720700
   0.0000399800   -0.1314028300   -0.0236021900
  -0.0000379500   -0.1314054600   -0.0236942800
   0.0013584400    0.1276075600    0.0336326000
  -0.0013600400    0.1274408000    0.0334912400
   0.0076235000    0.1329440800    0.0456615900
  -0.0080353500    0.1327644700    0.0443611400
  -0.0000460500    0.1306816700    0.0367518200
   0.0000430000    0.1307731200    0.0369037100
  -0.0000277700    0.1295166900    0.0421212800
   0.0000280000    0.1295492700    0.0424084300
   0.0000376000    0.1308457500   -0.0254476100
  -0.0000399900    0.1308339200   -0.0253671500
   0.0000707000    0.1317601000   -0.0202987200
  -0.0000608800    0.1316334800   -0.0206119400
  -0.0012256500    0.1343367800   -0.0292637300
   0.0012270000    0.1343616500   -0.0290630200
  -0.0098799900    0.1284553100   -0.0181041800
   0.0094876200    0.1280340900   -0.0169844000
   0.0000175500   -0.1301386800    0.0401153300
  -0.0000247700   -0.1301379400    0.0400832500
   0.0000256600   -0.1295540000    0.0387513300
  -0.0000292500   -0.1295807100    0.0386201900
  -0.0015382200   -0.1756459400   -0.0876870500
   0.0021804100   -0.1292738700   -0.0021242900
  -0.0001591500   -0.1281091600    0.0145507000
   0.0001079900   -0.1322629300    0.0168041400

9    
  0.0064007289536631   0.0076831418613571   0.0000000000000000
  -0.0017475700    0.0322181800   -0.0263821900
   0.0002657100    0.0274079400   -0.0021160300
  -0.0008106600    0.0338188400    0.0095184700
   0.0001763800    0.0275056200    0.0031993500
  -0.0000018300    0.0273678500    0.0001411500
   0.0000009800    0.0274356800    0.0001406900
  -0.0000076000    0.0274190600   -0.0005352400
   0.0000059500    0.0274204500   -0.0003944800
  -0.0221838900   -0.3309063300   -0.0548305900
  -0.0001288000    0.0410141300   -0.0517600300
  -0.0001593400    0.0551630500   -0.0515682900
   0.0003656900    0.0481889800   -0.0511219300
  -0.0000045400    0.0455263300   -0.0513315400
   0.0000033000    0.0454973800   -0.0513334700
   0.0000045800    0.0445177700   -0.0513811600
  -0.0000053700    0.0449325600   -0.0513642300
   0.0190258300    0.0478275500   -0.1107218500
  -0.0130956000    0.0316470700   -0.1139822600
  -0.0038379700    0.0388222200   -0.1165680100
   0.0080114100    0.0437500700   -0.1177647800
  -0.0000664600    0.0367263500   -0.1157897000
   0.0000689800    0.0367420400   -0.1156863700
   0.0001023700    0.0368105500   -0.1152963000
  -0.0001007900    0.0368378700   -0.1152962900
  -0.0005359200   -0.0334526300    0.1111194900
   0.0003621800   -0.0366085400    0.1152347700
  -0.0010536900   -0.0356407100    0.1232895000
   0.0004023300   -0.0368243700    0.1167644900
  -0.0000357500   -0.0367146900    0.1157587400
   0.0000364600   -0.0367335400    0.1156677100
  -0.0001012900   -0.0368636400    0.1150697200
   0.0000966100   -0.0368589600    0.1151451600
  -0.0002353200   -0.0460320900    0.0512428400
   0.0015575000   -0.0443486700    0.0492645700
   0.0001082600   -0.0433653100    0.0516901800
  -0.0001336600   -0.0434830800    0.0514067300
   0.0000052500   -0.0455360900    0.0513403500
  -0.0000060600   -0.0461480200    0.0513246000
  -0.0000063100   -0.0450308000    0.0512510300
   0.0000078000   -0.0450721200    0.0512462300
  -0.0000990800   -0.0272165500   -0.0030168900
   0.0000375700   -0.0270596400   -0.0031303500
   0.0002550100   -0.0278876900    0.0031903900
  -0.0002737400   -0.0277988000    0.0023397200
  -0.0000197700   -0.0273356300    0.0000872700
   0.0000194000   -0.0272629900    0.0003467000
   0.0000573300   -0.0275020900   -0.0006060700
  -0.0000517900   -0.0275685700   -0.0011247400
  -0.0000018800   -0.0455135400   -0.0513997300
  -0.0000022900   -0.0461441200   -0.0514138200
  -0.0000059900   -0.0446973800   -0.0512229000
   0.0000117000   -0.0447320500   -0.0512350900
   0.0000181100   -0.0458369800   -0.0514002600
  -0.0000205300   -0.0461654800   -0.0513871800
   0.0000337900   -0.0449381900   -0.0512874900
  -0.0000266500   -0.0444994900   -0.0512759400
  -0.0004203900   -0.0365754900   -0.1160522800
   0.0004153800   -0.0365708200   -0.1160256700
   0.0000122500   -0.0370514700   -0.1148985600
  -0.0000174100   -0.0370354900   -0.1150259900
  -0.0002194700   -0.0372532900   -0.1144215300
   0.0002090700   -0.0368401000   -0.1152709600
   0.0002919600   -0.0359549000   -0.1170973200
  -0.0002965800   -0.0367117200   -0.1158239200
  -0.0000451000    0.0366568600    0.1157663400
   0.0000435500    0.0367033600    0.1157865800
  -0.0000291800    0.0368636600    0.1152680800
   0.0000303900    0.0369548200    0.1149145600
   0.0014601700    0.0372066500    0.1144453300
  -0.0013701500    0.0371040000    0.1145690100
  -0.0005821000    0.0365158900    0.1162691000
   0.0005814400    0.0365717700    0.1161891300
   0.0000071200    0.0448948700    0.0512752200
  -0.0000073300    0.0448385900    0.0512799200
  -0.0000223500    0.0451891700    0.0513798500
   0.0000231000    0.0452629700    0.0513711900
  -0.0001542000    0.0416432600    0.0510907300
   0.0000437600    0.0440877900    0.0514188100
   0.0000475000    0.0472989500    0.0514492500
   0.0000116000    0.0456391300    0.0514290200
   0.0180854800    0.2264207000   -0.0202609700
  -0.0043836200   -0.1269549900   -0.0276018100
   0.0020195000   -0.1531576400   -0.0311353800
  -0.0021838400   -0.1323398400   -0.0331663600
  -0.0000520400   -0.1306427300   -0.0313035800
   0.0000513900   -0.1308615800   -0.0312598400
   0.0000351800   -0.1308471900   -0.0310084400
  -0.0000332900   -0.1310570800   -0.0309895100
   0.0025891900    0.1293022800    0.0348853000
  -0.0023877200    0.1279564200    0.0358962900
  -0.0022325600    0.1311732400    0.0249728900
   0.0023081700    0.1308160600    0.0276346200
   0.0000101400    0.1309340800    0.0311488200
  -0.0000102500    0.1313401100    0.0311835300
  -0.0000048500    0.1312478700    0.0318969800
   0.0000004500    0.1310811800    0.0318271500
  -0.0000080400    0.1316722100   -0.0296042500
   0.0000142400    0.1314145300   -0.0289859300
   0.0000137400    0.1309132600   -0.0331430100
  -0.0000071000    0.1311953300   -0.0327955600
   0.0001947000    0.1318583200   -0.0320936400
  -0.0001951200    0.1314518700   -0.0320925700
  -0.0005584000    0.1306069700   -0.0300544800
   0.0006053600    0.1308275900   -0.0301009900
   0.0000376100   -0.1305832200    0.0311208600
  -0.0000385600   -0.1307810500    0.0311131000
   0.0000276500   -0.1313099200    0.0319183200
  -0.0000310700   -0.1314105100    0.0319193300
  -0.0000318800   -0.1286283200    0.0420773200
  -0.0001238800   -0.1300314000    0.0324301500
   0.0000687800   -0.1321165100    0.0252969700
  -0.0000727500   -0.1317471300    0.0289341200

9    
 -0.0064007289536631  -0.0076831418613571  -0.0000000000000000
   0.0017311300    0.0227002900    0.0261259900
  -0.0002846700    0.0275738000    0.0023327500
   0.0008336600    0.0209695800   -0.0094369900
  -0.0001777500    0.0274438100   -0.0025335800
   0.0000031700    0.0274976500    0.0002490500
  -0.0000034500    0.0274752500    0.0002776200
  -0.0000057900    0.0275418000    0.0002053700
   0.0000048000    0.0276137800    0.0003899900
   0.0246431200    0.4074765900   -0.0481383800
   0.0001316000    0.0508880200   -0.0509268800
   0.0001707300    0.0352504900   -0.0511110000
  -0.0003847900    0.0423246000   -0.0515682600
   0.0000018700    0.0457446700   -0.0513739300
  -0.0000020300    0.0457561400   -0.0513629400
   0.0000018700    0.0447060400   -0.0513241100
   0.0000002300    0.0448352000   -0.0513089000
  -0.0187300500    0.0262098000   -0.1204909000
   0.0128302900    0.0419723300   -0.1171248000
   0.0037903600    0.0348445600   -0.1140922500
  -0.0081525400    0.0296910400   -0.1132066400
  -0.0001051700    0.0370011900   -0.1155022100
   0.0001106100    0.0370214000   -0.1153588800
   0.0000539600    0.0369800300   -0.1151042600
  -0.0000561900    0.0370036600   -0.1151757300
   0.0008361400   -0.0403561300    0.1199759100
  -0.0006493600   -0.0371813300    0.1157958600
   0.0010300600   -0.0381718400    0.1074029800
  -0.0003993800   -0.0369445500    0.1138656000
  -0.0001248000   -0.0369268200    0.1155988300
   0.0001236400   -0.0369447100    0.1156059700
  -0.0000267000   -0.0367990700    0.1154153400
   0.0000246800   -0.0367927900    0.1154090100
   0.0002097900   -0.0456471400    0.0514216000
  -0.0015555100   -0.0464299600    0.0534283900
  -0.0001137800   -0.0471437200    0.0509808400
   0.0001343500   -0.0473978700    0.0512527600
   0.0000055800   -0.0459679700    0.0513462800
  -0.0000059200   -0.0457778300    0.0513165700
  -0.0000054100   -0.0451548900    0.0513595200
   0.0000018900   -0.0457969600    0.0513743800
   0.0000917400   -0.0277491400    0.0022666500
  -0.0000299600   -0.0279100100    0.0034537100
  -0.0002545000   -0.0270776600   -0.0029787900
   0.0002702100   -0.0272474000   -0.0021139900
   0.0000302500   -0.0275582500   -0.0007420300
  -0.0000289800   -0.0275992800   -0.0007412500
  -0.0000678000   -0.0273411800    0.0011897300
   0.0000594500   -0.0273145800    0.0007683900
  -0.0000035300   -0.0438931500   -0.0512898400
   0.0000008000   -0.0447764600   -0.0512253500
   0.0000035800   -0.0468739600   -0.0513929600
  -0.0000090800   -0.0464691500   -0.0513628900
  -0.0000226300   -0.0447610700   -0.0513050900
   0.0000222100   -0.0456959700   -0.0512917000
  -0.0000236900   -0.0467701700   -0.0513518500
   0.0000192100   -0.0455859100   -0.0513851500
  -0.0001573500   -0.0371245400   -0.1147432100
   0.0001659100   -0.0371162500   -0.1148187900
   0.0000795600   -0.0367937800   -0.1158439400
  -0.0000820800   -0.0367629500   -0.1158191100
  -0.0001662500   -0.0363841800   -0.1167606300
   0.0001752500   -0.0366867200   -0.1162779200
   0.0002590900   -0.0377636800   -0.1136723300
  -0.0002567800   -0.0369423700   -0.1149422800
  -0.0001380800    0.0370303800    0.1151612900
   0.0001388800    0.0370142500    0.1152839700
  -0.0000524000    0.0367919600    0.1159783900
   0.0000568700    0.0368415600    0.1158194900
  -0.0015602600    0.0367259900    0.1163868000
   0.0014705100    0.0367255400    0.1167096500
   0.0001958700    0.0372337200    0.1144665500
  -0.0001838400    0.0372275300    0.1142345600
   0.0000093000    0.0458127700    0.0513678200
  -0.0000101600    0.0456598300    0.0513768500
  -0.0000019600    0.0448146400    0.0513929900
   0.0000040700    0.0448452500    0.0513838700
   0.0001781800    0.0502173600    0.0515632400
  -0.0000725500    0.0476772600    0.0512300900
  -0.0000722100    0.0425174400    0.0512331800
   0.0000106500    0.0431060100    0.0512904600
  -0.0204816500   -0.4731222100   -0.0418009900
   0.0044781000   -0.1353035200   -0.0349397800
  -0.0019327500   -0.1084552200   -0.0313792400
   0.0021605200   -0.1294112500   -0.0292854000
  -0.0000071800   -0.1306511900   -0.0312106300
   0.0000121700   -0.1308091700   -0.0312970000
   0.0000382000   -0.1307593500   -0.0313803700
  -0.0000406600   -0.1306716800   -0.0314529200
  -0.0025231400    0.1323761500    0.0275119500
   0.0023193600    0.1340642400    0.0265281900
   0.0022352800    0.1314110800    0.0377364100
  -0.0023072400    0.1315906600    0.0348381700
  -0.0000114000    0.1308895600    0.0314563100
   0.0000022500    0.1307796800    0.0314742100
   0.0000287800    0.1308703700    0.0305753400
  -0.0000267900    0.1311178400    0.0306843200
   0.0000160900    0.1303217700   -0.0331063300
  -0.0000176600    0.1304751600   -0.0335122200
   0.0000468500    0.1314316300   -0.0294546700
  -0.0000416400    0.1312357200   -0.0298348500
  -0.0001805800    0.1303993800   -0.0302116400
   0.0001920200    0.1304959000   -0.0299840700
   0.0006077300    0.1314521400   -0.0324144900
  -0.0006471600    0.1312542000   -0.0324054500
  -0.0000049600   -0.1310286300    0.0310540800
  -0.0000007100   -0.1310342600    0.0311262400
  -0.0000084100   -0.1304650400    0.0304748300
   0.0000029700   -0.1305034200    0.0304451900
   0.0000349800   -0.1337583800    0.0203568200
   0.0001244900   -0.1321913500    0.0300251700
  -0.0001080400   -0.1296334200    0.0372518400
   0.0001023700   -0.1294992400    0.0336424400

9    
  0.0000000000000000   0.0000000000000000   0.0100000000000000
   0.0000077200    0.0117117700    0.0035252100
  -0.0000113100    0.0273576000   -0.0027316800
  -0.0000011800    0.0329522300    0.0016749000
  -0.0000005600    0.0277178600   -0.0015161100
   0.0000029000    0.0274826600    0.0011029500
  -0.0000032400    0.0274919100    0.0010701900
  -0.0000115000    0.0274608500    0.0005449800
   0.0000094700    0.0275357600    0.0007992700
   0.0000041900    0.0424082300   -0.0913691000
  -0.0000061600    0.0453289700   -0.0520904000
   0.0000012600    0.0445486900   -0.0519530400
  -0.0000032300    0.0454844600   -0.0515828600
   0.0000238800    0.0463652500   -0.0512883400
  -0.0000242000    0.0461896400   -0.0512895700
  -0.0000078300    0.0445547000   -0.0512746600
   0.0000100000    0.0451335600   -0.0512416600
   0.0010320500    0.0404210600   -0.1174495800
  -0.0010394200    0.0403829800   -0.1173645900
   0.0004013100    0.0361686000   -0.1164831400
  -0.0003998000    0.0361039100   -0.1167319200
  -0.0001251600    0.0370257300   -0.1153677200
   0.0001320900    0.0370751700   -0.1152381900
   0.0001334700    0.0369578700   -0.1148082300
  -0.0001313000    0.0369994800   -0.1147944700
   0.0002039200   -0.0396953700    0.1173319300
  -0.0002160700   -0.0371679800    0.1148487600
   0.0000739900   -0.0302896400    0.1161507900
  -0.0000706800   -0.0369320300    0.1146305900
  -0.0002094400   -0.0367684500    0.1160105600
   0.0002066300   -0.0368229700    0.1159051400
  -0.0000510300   -0.0367235800    0.1154216500
   0.0000446200   -0.0367198300    0.1154550200
   0.0015634100   -0.0480115600    0.0531552300
  -0.0015604000   -0.0468750400    0.0531377800
   0.0002203500   -0.0449447500    0.0513807100
  -0.0002249500   -0.0452835600    0.0513988800
   0.0000062200   -0.0464315600    0.0514127900
  -0.0000060800   -0.0469763100    0.0513829000
  -0.0000071400   -0.0449362900    0.0513851600
   0.0000061000   -0.0454602800    0.0513931800
   0.0000060700   -0.0275258900    0.0005712100
  -0.0000064600   -0.0275268600    0.0015248200
  -0.0000097900   -0.0274378900    0.0004973900
   0.0000081000   -0.0274952900    0.0005734300
  -0.0000151100   -0.0274574000    0.0003935600
   0.0000143300   -0.0274640900    0.0002967000
  -0.0000543000   -0.0274019900    0.0012828000
   0.0000508000   -0.0273749400    0.0006531200
   0.0000003000   -0.0445311100   -0.0512826400
  -0.0000045700   -0.0459178700   -0.0512440200
   0.0000095000   -0.0463912500   -0.0512630200
  -0.0000099200   -0.0459181000   -0.0512684600
  -0.0000319900   -0.0455417700   -0.0512530900
   0.0000275600   -0.0462823700   -0.0512347100
  -0.0000183700   -0.0458398500   -0.0512309300
   0.0000171000   -0.0447180600   -0.0512672700
  -0.0004444800   -0.0369713400   -0.1149746700
   0.0004444100   -0.0369693400   -0.1150294000
   0.0000883100   -0.0369828900   -0.1151138300
  -0.0000970100   -0.0369705800   -0.1151435500
  -0.0001750300   -0.0370021800   -0.1150904900
   0.0001807800   -0.0367298400   -0.1158200100
   0.0003705200   -0.0370002900   -0.1141060700
  -0.0003779400   -0.0367828500   -0.1150578300
  -0.0001029600    0.0368323800    0.1156639000
   0.0001011500    0.0368183500    0.1157784600
  -0.0000388300    0.0367796600    0.1159327400
   0.0000400300    0.0369084500    0.1155968500
  -0.0008597600    0.0369812300    0.1158094800
   0.0008528100    0.0368846500    0.1161150000
  -0.0007481500    0.0369880400    0.1152660100
   0.0007502800    0.0370055500    0.1151170000
   0.0000085800    0.0458866500    0.0513902800
  -0.0000096000    0.0459315700    0.0513939100
  -0.0000051900    0.0452459600    0.0514510700
   0.0000064400    0.0452680300    0.0514347400
   0.0000034700    0.0460177600    0.0501776400
  -0.0000036100    0.0461428500    0.0513538600
  -0.0000060900    0.0446999500    0.0517054700
   0.0000062900    0.0440059300    0.0512979300
  -0.0000416300   -0.1231827600    0.0015948400
   0.0000460300   -0.1298885800   -0.0270677500
   0.0000533400   -0.1304149900   -0.0258713700
  -0.0000196300   -0.1314676100   -0.0291484900
  -0.0000048100   -0.1308978900   -0.0319275200
   0.0000024900   -0.1308548900   -0.0319870600
   0.0000532600   -0.1307798900   -0.0319338800
  -0.0000492200   -0.1308426500   -0.0319680100
  -0.0007413800    0.1328408500    0.0313964200
   0.0007491300    0.1325049900    0.0311521800
  -0.0010837400    0.1301928000    0.0309811000
   0.0010799600    0.1303623900    0.0309942700
  -0.0000076200    0.1311916300    0.0305489800
   0.0000060600    0.1311452100    0.0306265200
   0.0000270600    0.1309778000    0.0303793500
  -0.0000319900    0.1312309200    0.0305548000
   0.0000132000    0.1308164100   -0.0323395100
  -0.0000105600    0.1307945700   -0.0323557600
   0.0000266200    0.1312765900   -0.0318646000
  -0.0000160000    0.1311193300   -0.0319589400
   0.0002755500    0.1308368500   -0.0315937900
  -0.0002667400    0.1309456800   -0.0314348900
   0.0004458900    0.1310308800   -0.0320921300
  -0.0004428900    0.1308767500   -0.0321211300
   0.0000215700   -0.1310386800    0.0301575100
  -0.0000227300   -0.1310798700    0.0302270800
   0.0000389900   -0.1307728700    0.0303538700
  -0.0000425700   -0.1307928900    0.0302897400
  -0.0000268900   -0.1333094500    0.0263486500
   0.0000313000   -0.1305426700    0.0323084600
  -0.0000071300   -0.1307840700    0.0299921500
   0.0000044600   -0.1304766500    0.0323181800

9    
  0.0000000000000000   0.0000000000000000  -0.0100000000000000
   0.0000076800    0.0435705300   -0.0039711700
  -0.0000098900    0.0277629900    0.0026862600
  -0.0000011300    0.0219461400   -0.0017285300
   0.0000024200    0.0273401400    0.0022433200
   0.0000022800    0.0275214300   -0.0003124000
  -0.0000037100    0.0275129700   -0.0002714000
  -0.0000113400    0.0274082600   -0.0011965000
   0.0000088400    0.0274979100   -0.0008056400
  -0.0000037500    0.0518900400   -0.0112451700
   0.0000049100    0.0465635200   -0.0505591800
   0.0000023000    0.0449116600   -0.0507877600
  -0.0000024000    0.0448138900   -0.0511443500
   0.0000162200    0.0460828400   -0.0514438300
  -0.0000155500    0.0459806500   -0.0514357500
  -0.0000059900    0.0443571000   -0.0514426400
   0.0000073800    0.0449200100   -0.0514079800
  -0.0010205700    0.0335136200   -0.1138137300
   0.0010114600    0.0335003400   -0.1136907700
  -0.0003411200    0.0377454200   -0.1139271500
   0.0003459300    0.0376900200   -0.1141294900
  -0.0001121400    0.0369081500   -0.1159268600
   0.0001248600    0.0369210000   -0.1158443700
   0.0001436500    0.0368088100   -0.1154420300
  -0.0001426400    0.0368397500   -0.1154612900
   0.0001499200   -0.0341084500    0.1139147500
  -0.0001492200   -0.0366386000    0.1161738600
   0.0000236800   -0.0434025000    0.1143841000
  -0.0000317400   -0.0369080500    0.1158742000
  -0.0001680400   -0.0369051700    0.1154520800
   0.0001720800   -0.0369674000    0.1153710000
   0.0000690800   -0.0369013100    0.1148215300
  -0.0000746300   -0.0368995500    0.1148835600
  -0.0015455200   -0.0446130700    0.0495908200
   0.0015450800   -0.0436110400    0.0495912600
  -0.0002129300   -0.0450796800    0.0512670100
   0.0002094900   -0.0455002000    0.0512623200
   0.0000077400   -0.0463062800    0.0512820700
  -0.0000091900   -0.0465241200    0.0512427700
  -0.0000097200   -0.0449861800    0.0512165900
   0.0000102400   -0.0453033000    0.0512399700
  -0.0000148100   -0.0274982400   -0.0015018700
   0.0000179000   -0.0275240600   -0.0008474800
   0.0000134000   -0.0276378400   -0.0004214100
  -0.0000126700   -0.0276761100   -0.0003525100
   0.0000272100   -0.0274345300   -0.0009830700
  -0.0000250000   -0.0274778800   -0.0010073000
   0.0000387400   -0.0274316400   -0.0007545300
  -0.0000398600   -0.0274125300   -0.0010964500
  -0.0000004900   -0.0444235600   -0.0514300200
  -0.0000010500   -0.0455669700   -0.0513887900
  -0.0000100000   -0.0455488500   -0.0513873800
   0.0000098400   -0.0450525000   -0.0513832500
   0.0000311500   -0.0455735800   -0.0514135000
  -0.0000311700   -0.0465552200   -0.0514032600
   0.0000190400   -0.0460018700   -0.0513699200
  -0.0000182400   -0.0447702300   -0.0513829000
  -0.0003565100   -0.0368062000   -0.1157036100
   0.0003615200   -0.0367889400   -0.1157341700
   0.0000613300   -0.0368908200   -0.1155686100
  -0.0000675400   -0.0368720100   -0.1156150900
  -0.0001643800   -0.0366977600   -0.1161219000
   0.0001614500   -0.0368385200   -0.1157734300
   0.0003022400   -0.0366712300   -0.1165168100
  -0.0003104100   -0.0368757100   -0.1154338400
  -0.0001436100    0.0369484500    0.1151645000
   0.0001450600    0.0369356100    0.1152799700
  -0.0001078100    0.0369443500    0.1152810000
   0.0001117500    0.0370577900    0.1149610600
   0.0009210400    0.0371612500    0.1149329900
  -0.0009209600    0.0370917400    0.1151741200
   0.0003349400    0.0368619200    0.1152697100
  -0.0003269800    0.0368894400    0.1151178700
   0.0000061500    0.0451834000    0.0512319400
  -0.0000079000    0.0450862000    0.0512497000
  -0.0000079400    0.0449526300    0.0513158700
   0.0000099300    0.0448328300    0.0513044200
   0.0000106100    0.0456405900    0.0525458100
  -0.0000105200    0.0460265400    0.0513248300
  -0.0000077300    0.0453510000    0.0510073200
   0.0000096900    0.0444993600    0.0514696500
  -0.0000400900   -0.1413821500   -0.0636824100
   0.0000356800   -0.1317906200   -0.0351230000
   0.0000381100   -0.1307950300   -0.0364514200
  -0.0000271700   -0.1301615900   -0.0333117500
  -0.0000220600   -0.1307695900   -0.0304169800
   0.0000295200   -0.1308201200   -0.0305319300
   0.0000524600   -0.1307126700   -0.0303065100
  -0.0000460000   -0.1307970500   -0.0304251500
   0.0007494900    0.1292778300    0.0311860900
  -0.0007530400    0.1291489100    0.0310442900
   0.0010351700    0.1314436500    0.0316651500
  -0.0010524100    0.1315133600    0.0315195400
  -0.0000227700    0.1309202200    0.0318974900
   0.0000192000    0.1309186300    0.0319779600
   0.0000245900    0.1306810600    0.0320612500
  -0.0000330500    0.1308787300    0.0321949800
   0.0000401700    0.1307402500   -0.0303584300
  -0.0000372000    0.1307958400   -0.0302498700
   0.0000599500    0.1308353400   -0.0307140600
  -0.0000554800    0.1307822800   -0.0307974000
  -0.0002276300    0.1309115600   -0.0304334400
   0.0002419200    0.1310247000   -0.0302814400
  -0.0004218400    0.1308945200   -0.0302494700
   0.0004280100    0.1307344600   -0.0302838700
   0.0000245700   -0.1305442000    0.0314358900
  -0.0000337200   -0.1306353100    0.0315250200
   0.0000341400   -0.1305791200    0.0319615300
  -0.0000456900   -0.1305632800    0.0318646400
  -0.0000061700   -0.1281952000    0.0361238800
   0.0000119800   -0.1311683900    0.0299867700
  -0.0000121800   -0.1308489600    0.0324469200
   0.0000101400   -0.1305266800    0.0301765500

17   
  0.0064007289536631   0.0076831418613571   0.0000000000000000
   0.0051881800    0.0259645700    0.0263678100
   0.0053121100    0.0264753100   -0.0200866000
  -0.0000230000    0.0284414700   -0.0003682600
   0.0000116200    0.0273198800   -0.0022345400
  -0.0000163000    0.0274776500    0.0012205500
   0.0000144400    0.0274879200    0.0012048500
  -0.0000114700    0.0274304400    0.0000845600
   0.0000081900    0.0275106900    0.0004348300
   0.0123391200    0.0614537800   -0.0482006600
  -0.0067169600    0.0363574200   -0.0492348100
  -0.0008711800    0.0443153600   -0.0517684500
   0.0052030000    0.0545763500   -0.0522908700
   0.0000132200    0.0458122200   -0.0512987000
  -0.0000154900    0.0456892400   -0.0512957000
  -0.0000029200    0.0443266800   -0.0513064300
   0.0000043200    0.0447933600   -0.0512748400
  -0.1562919700   -0.0119819400   -0.1346844100
   0.0355801300    0.0333728300   -0.1206339100
  -0.0036182400    0.0381645000   -0.1149686400
   0.0028144100    0.0372625000   -0.1154143300
  -0.0001163900    0.0370379600   -0.1153097900
   0.0001278900    0.0370776300   -0.1151477500
   0.0001347500    0.0369529900   -0.1148611300
  -0.0001310200    0.0369633300   -0.1149512300
   0.0005975300   -0.0363456800    0.1148792200
  -0.0003899000   -0.0366763600    0.1163461200
   0.0204996900   -0.0447291500    0.0943158400
   0.0284393500   -0.0382367900    0.1350458700
  -0.0000427700   -0.0367510400    0.1159353900
   0.0000424500   -0.0368020000    0.1158381100
  -0.0000672600   -0.0367072400    0.1155083500
   0.0000575300   -0.0367066100    0.1154961200
  -0.0007956500   -0.0431072000    0.0491824400
   0.0006180000   -0.0449986500    0.0511205200
  -0.0010370900   -0.0438770600    0.0563492000
   0.0003719200   -0.0453725700    0.0513002300
   0.0000084400   -0.0461953800    0.0513923200
  -0.0000097900   -0.0461455400    0.0513662400
  -0.0000043600   -0.0449021400    0.0513734900
   0.0000048600   -0.0455361100    0.0513865100
  -0.0000927600   -0.0271897700   -0.0017416300
   0.0000927600   -0.0274402100   -0.0000505800
   0.0001749300   -0.0297890200    0.0086321900
   0.0010236600   -0.0272881100   -0.0008441300
  -0.0000205900   -0.0274682600   -0.0000088700
   0.0000213100   -0.0274863200    0.0002882100
  -0.0001021000   -0.0273975600    0.0012845300
   0.0001013500   -0.0274120800    0.0006233800
  -0.0000292800   -0.0449648200   -0.0512170300
   0.0000169300   -0.0459887200   -0.0513250900
   0.0000377100   -0.0451593600   -0.0511837800
  -0.0000433100   -0.0454868600   -0.0513671100
  -0.0001108100   -0.0450065100   -0.0512543600
   0.0001058100   -0.0460948900   -0.0512345700
  -0.0000735300   -0.0461157800   -0.0512633200
   0.0000680600   -0.0448034100   -0.0513057300
  -0.0005694300   -0.0368297100   -0.1152986000
   0.0005562400   -0.0368224500   -0.1152890100
  -0.0006356900   -0.0370498400   -0.1151579000
   0.0007085000   -0.0370486000   -0.1150047800
  -0.0002625200   -0.0369040700   -0.1151934900
   0.0002681800   -0.0366521400   -0.1161469900
   0.0004655300   -0.0376281500   -0.1136037800
  -0.0003980900   -0.0363342600   -0.1160438300
  -0.0001103700    0.0366429300    0.1159914200
   0.0001173900    0.0368581100    0.1156427200
  -0.0000990100    0.0369012000    0.1157463200
   0.0000999600    0.0370163700    0.1153118700
  -0.0058187500    0.0368407500    0.1162313500
   0.0064699000    0.0367036000    0.1163611900
  -0.0012125700    0.0370526900    0.1152305400
   0.0012149700    0.0370812500    0.1150139700
  -0.0000056100    0.0451390000    0.0513722700
   0.0000055200    0.0451233100    0.0513778600
  -0.0000296600    0.0453461500    0.0514548200
   0.0000301400    0.0452718000    0.0514420600
   0.0000993000    0.0470354800    0.0520943100
  -0.0000062800    0.0450183200    0.0507477700
  -0.0000418200    0.0446557100    0.0516377700
   0.0000416900    0.0442023800    0.0510189700
   0.0342838000   -0.0952326700   -0.0171762300
   0.0156364900   -0.1258897000   -0.0352826500
   0.0002753500   -0.1346386600   -0.0295332300
  -0.0000215400   -0.1337522300   -0.0308991300
  -0.0000125400   -0.1306588800   -0.0319241800
   0.0000164800   -0.1306466400   -0.0319812600
   0.0000341400   -0.1306454500   -0.0316057200
  -0.0000364700   -0.1306555800   -0.0316930800
   0.0015828500    0.1280698900    0.0321565000
  -0.0016008000    0.1302904800    0.0315577600
   0.0138202700    0.1466446100    0.0286851200
  -0.0127345700    0.1298947200    0.0335497600
  -0.0000197500    0.1309517200    0.0307663000
   0.0000080700    0.1309018600    0.0307343700
   0.0000252500    0.1309501900    0.0303682300
  -0.0000345600    0.1310942000    0.0305627200
   0.0000613800    0.1309716500   -0.0309864300
  -0.0000523500    0.1308352300   -0.0311021500
   0.0001027300    0.1300234900   -0.0348302400
  -0.0000982000    0.1309926900   -0.0309958300
   0.0004753700    0.1306352800   -0.0312374400
  -0.0004625800    0.1306667500   -0.0311527500
   0.0011924300    0.1310302600   -0.0323026800
  -0.0011164400    0.1309418300   -0.0322961700
   0.0002534800   -0.1306687400    0.0299797000
  -0.0002527100   -0.1307062200    0.0299833800
   0.0000990800   -0.1308562700    0.0307783200
  -0.0001055800   -0.1308438300    0.0306557600
  -0.0004008200   -0.1325343300    0.0146970500
  -0.0002128600   -0.1296216400    0.0427945800
   0.0000254600   -0.1309332300    0.0305785900
  -0.0000178800   -0.1303315400    0.0333645900

17   
 -0.0064007289536631  -0.0076831418613571  -0.0000000000000000
  -0.0051827800    0.0290499400   -0.0270184200
  -0.0053440200    0.0285849900    0.0203573900
   0.0000245500    0.0265520100    0.0007537900
  -0.0000098100    0.0278057700    0.0032569100
   0.0000241800    0.0274356400   -0.0002840300
  -0.0000248200    0.0274599900   -0.0004781000
  -0.0000075300    0.0274114600   -0.0011294500
   0.0000061600    0.0274926900   -0.0008322900
  -0.0127350900    0.0293872500   -0.0545761000
   0.0065341100    0.0552481100   -0.0533564700
   0.0009049700    0.0458711400   -0.0509317300
  -0.0051202000    0.0362646300   -0.0504512800
   0.0000228900    0.0464253800   -0.0514236400
  -0.0000186500    0.0457790600   -0.0514415700
  -0.0000088300    0.0440101800   -0.0514369500
   0.0000105800    0.0449832000   -0.0513875200
   0.1593125800    0.0867602800   -0.0958580200
  -0.0362639500    0.0404612200   -0.1102854800
   0.0036111300    0.0357847100   -0.1154052400
  -0.0028124200    0.0365431800   -0.1154786900
  -0.0002829900    0.0368766700   -0.1159758800
   0.0002877000    0.0369100200   -0.1158524900
   0.0002455800    0.0368270400   -0.1153306200
  -0.0002406500    0.0368641400   -0.1153459500
  -0.0000954300   -0.0374345800    0.1162171800
  -0.0001283100   -0.0371259600    0.1146181600
  -0.0203267000   -0.0289212600    0.1364575000
  -0.0285404100   -0.0357211300    0.0957265900
  -0.0001949600   -0.0368463700    0.1155835900
   0.0001968800   -0.0369362500    0.1154213200
   0.0000367800   -0.0369195700    0.1147491700
  -0.0000481100   -0.0368831500    0.1149228400
   0.0007930600   -0.0495938400    0.0535345400
  -0.0006019900   -0.0455407800    0.0515833800
   0.0010290800   -0.0463893300    0.0463926400
  -0.0003886100   -0.0453873100    0.0514028300
   0.0000114600   -0.0464406100    0.0513006300
  -0.0000138500   -0.0469696300    0.0512537700
  -0.0000215500   -0.0448367500    0.0512347800
   0.0000203800   -0.0452125400    0.0512559700
   0.0000825100   -0.0278274000    0.0003904900
  -0.0000806200   -0.0275582000    0.0007619200
  -0.0001235000   -0.0252437500   -0.0088089800
  -0.0010313900   -0.0278818600    0.0010674400
   0.0000338300   -0.0274185400   -0.0009751800
  -0.0000324300   -0.0274039600   -0.0007303100
   0.0000839900   -0.0274816500   -0.0007322900
  -0.0000877800   -0.0274594300   -0.0011918100
   0.0000287500   -0.0437756600   -0.0515024200
  -0.0000200300   -0.0454618200   -0.0512974600
  -0.0000323300   -0.0466594200   -0.0514991100
   0.0000415500   -0.0455066900   -0.0513119100
   0.0001122800   -0.0454680700   -0.0514245100
  -0.0001101400   -0.0469426500   -0.0513993800
   0.0000702700   -0.0458221100   -0.0513625900
  -0.0000658500   -0.0445235200   -0.0513768600
  -0.0003629300   -0.0369335000   -0.1152815000
   0.0003767000   -0.0369360900   -0.1153214700
   0.0007990500   -0.0367856200   -0.1156835200
  -0.0008777100   -0.0367622700   -0.1159269400
  -0.0003475000   -0.0368114000   -0.1159028000
   0.0003475200   -0.0369230300   -0.1153384900
   0.0003094800   -0.0360596000   -0.1170789300
  -0.0003850400   -0.0373073200   -0.1145811500
  -0.0001324700    0.0370946700    0.1146696800
   0.0001249800    0.0368762200    0.1152384700
   0.0000362300    0.0368407100    0.1155869300
  -0.0000284100    0.0369943900    0.1152748600
   0.0058071300    0.0372942500    0.1143653000
  -0.0064631400    0.0372505300    0.1148851800
   0.0007755300    0.0368025700    0.1154975500
  -0.0007662500    0.0368724000    0.1152178300
   0.0000223900    0.0453000700    0.0512494700
  -0.0000236200    0.0451681600    0.0512680100
   0.0000158000    0.0451554600    0.0513004600
  -0.0000129400    0.0453417500    0.0512729900
  -0.0000724900    0.0442938800    0.0506095400
  -0.0000154900    0.0464617000    0.0519630200
   0.0000280200    0.0456518300    0.0510627100
  -0.0000240600    0.0446711400    0.0517350400
  -0.0374986700   -0.1671203100   -0.0457702600
  -0.0142092700   -0.1358316200   -0.0272144800
  -0.0002219300   -0.1265662400   -0.0329765200
   0.0000012200   -0.1278218200   -0.0317384600
  -0.0000242300   -0.1308697800   -0.0304050700
   0.0000205400   -0.1308403100   -0.0304465200
   0.0000623300   -0.1305556600   -0.0304601000
  -0.0000481300   -0.1307957800   -0.0305055600
  -0.0015682000    0.1340435200    0.0305293100
   0.0015941600    0.1315169100    0.0306616600
  -0.0140032600    0.1150401500    0.0343419700
   0.0127334900    0.1319454700    0.0289004300
  -0.0000270100    0.1310550900    0.0317944400
   0.0000349300    0.1310358800    0.0318039600
   0.0000316400    0.1307510200    0.0321395300
  -0.0000250000    0.1310378300    0.0322622600
  -0.0000213900    0.1306566600   -0.0316560400
   0.0000088500    0.1307334200   -0.0315087900
  -0.0000362000    0.1320528500   -0.0275891800
   0.0000398100    0.1309116800   -0.0317487300
  -0.0004209200    0.1310647600   -0.0307070700
   0.0004252700    0.1312779300   -0.0306158500
  -0.0011666800    0.1308431400   -0.0300008600
   0.0010939300    0.1306747200   -0.0300762400
  -0.0002059400   -0.1307195500    0.0316083500
   0.0001977400   -0.1308509700    0.0318354700
  -0.0000068500   -0.1305146400    0.0316902300
  -0.0000027500   -0.1305264000    0.0315812500
   0.0003767100   -0.1289058600    0.0478973800
   0.0002335700   -0.1319272800    0.0193652400
  -0.0000434700   -0.1307430900    0.0316314400
   0.0000154100   -0.1307975100    0.0289444500

17   
  0.0000000000000000   0.0000000000000000   0.0100000000000000
   0.0107604600    0.0296022000    0.0117070300
  -0.0107635400    0.0296627900    0.0118315200
   0.0000330800    0.0280800500   -0.0029863100
  -0.0000345300    0.0281197100   -0.0026168300
  -0.0000517100    0.0275001000    0.0043421900
   0.0000506300    0.0275220000    0.0043214800
  -0.0000265600    0.0273815500    0.0026343900
   0.0000242400    0.0274666200    0.0029998200
   0.0025934700    0.0498083800   -0.0532220500
  -0.0025953800    0.0499323800   -0.0532162000
   0.0007885000    0.0427104400   -0.0527219300
  -0.0007903000    0.0429463200   -0.0527258600
   0.0000201300    0.0461988500   -0.0510470400
  -0.0000191500    0.0458955800   -0.0510545300
  -0.0000029900    0.0447294200   -0.0510430700
   0.0000041700    0.0453014600   -0.0510155600
   0.0000651200    0.0111674700   -0.2282235900
  -0.0000788200    0.0302731200   -0.1235146000
  -0.0000149100    0.0371577800   -0.1187153800
   0.0000197900    0.0369217800   -0.1177295900
  -0.0001605700    0.0372932900   -0.1142568500
   0.0001665900    0.0373592500   -0.1140875600
   0.0001550000    0.0371497900   -0.1139936300
  -0.0001503300    0.0372038800   -0.1140030200
  -0.0011207400   -0.0368109300    0.1131270900
   0.0011130500   -0.0368194300    0.1130829200
  -0.0317712000   -0.0376535800    0.1205082100
   0.0317689900   -0.0376693100    0.1205109200
  -0.0002112400   -0.0365880000    0.1167852600
   0.0002096900   -0.0366402000    0.1166919400
  -0.0001206800   -0.0364330400    0.1165435200
   0.0001170400   -0.0364134200    0.1166159400
  -0.0000065200   -0.0520227300    0.0530587900
   0.0000093300   -0.0459235700    0.0506361200
   0.0000036200   -0.0356759400    0.0520697800
  -0.0000064300   -0.0435644200    0.0506720100
   0.0000078400   -0.0463707300    0.0516461400
  -0.0000094900   -0.0468751500    0.0516057100
  -0.0000094400   -0.0448966600    0.0516714700
   0.0000092200   -0.0457195400    0.0516508400
  -0.0000039700   -0.0265820400   -0.0013023900
   0.0000043300   -0.0270696200   -0.0016649300
   0.0000032700   -0.0335667400    0.0235445000
  -0.0000038600   -0.0271334400    0.0003579300
   0.0000053600   -0.0275354600    0.0024461400
  -0.0000048400   -0.0275331000    0.0023345100
  -0.0000060300   -0.0272523700    0.0050789200
   0.0000033100   -0.0273015100    0.0038729300
  -0.0000003800   -0.0462259100   -0.0508225700
  -0.0000043900   -0.0465062800   -0.0513166300
  -0.0000000500   -0.0443138900   -0.0501544000
  -0.0000001100   -0.0453521200   -0.0512662300
  -0.0000043000   -0.0446447500   -0.0509710500
  -0.0000002900   -0.0456383200   -0.0509790800
   0.0000007200   -0.0467047200   -0.0510744800
  -0.0000010000   -0.0451028200   -0.0511074100
  -0.0008833900   -0.0368683800   -0.1147616400
   0.0008800900   -0.0368515900   -0.1148226900
  -0.0018104200   -0.0375648200   -0.1135966900
   0.0018020500   -0.0375341900   -0.1136518900
  -0.0001735400   -0.0368773800   -0.1150921100
   0.0001796000   -0.0367888300   -0.1153262500
   0.0006240700   -0.0373042900   -0.1135158900
  -0.0006303900   -0.0372912300   -0.1134768200
  -0.0001445800    0.0359898100    0.1178906500
   0.0001439200    0.0365825100    0.1167723600
  -0.0000788200    0.0367351600    0.1165622500
   0.0000798100    0.0368989600    0.1159174400
   0.0000264500    0.0358582400    0.1198081100
  -0.0000294300    0.0360118800    0.1182154100
  -0.0002784200    0.0370628800    0.1154199800
   0.0002826300    0.0370758400    0.1152572600
  -0.0000398900    0.0456068500    0.0515836300
   0.0000385600    0.0454878200    0.0516006600
  -0.0000739600    0.0461330700    0.0517299600
   0.0000752900    0.0460283700    0.0517192900
  -0.0000707600    0.0471588700    0.0517905600
   0.0000710100    0.0473329000    0.0517855000
   0.0000461900    0.0436819600    0.0514117800
  -0.0000463400    0.0428554700    0.0514461000
   0.0024130300   -0.1235806200   -0.0083999600
  -0.0024058400   -0.1234899900   -0.0084437400
   0.0006088500   -0.1315937200   -0.0256417600
  -0.0005780300   -0.1318113800   -0.0257485300
  -0.0000063900   -0.1306790600   -0.0348591200
   0.0000015300   -0.1306485100   -0.0349415400
   0.0000521700   -0.1306694800   -0.0340731900
  -0.0000544400   -0.1306733000   -0.0341268100
   0.0000209700    0.1311610000    0.0357537100
  -0.0000112100    0.1299474700    0.0350358300
  -0.0000069900    0.1472012700    0.0599687000
   0.0000060200    0.1304485400    0.0407105300
  -0.0000176700    0.1313422900    0.0284384200
   0.0000124400    0.1313145300    0.0285445200
   0.0000308200    0.1311524900    0.0272590100
  -0.0000310000    0.1314120800    0.0276048700
   0.0000236100    0.1312185400   -0.0321476100
  -0.0000203200    0.1311809100   -0.0308864000
   0.0000401300    0.1294615600   -0.0432068700
  -0.0000314000    0.1309506900   -0.0328913800
   0.0000394800    0.1302665800   -0.0332032900
  -0.0000326000    0.1303961200   -0.0330038200
   0.0000080900    0.1314509100   -0.0364468800
  -0.0000057900    0.1310885200   -0.0356889900
   0.0006336000   -0.1309056700    0.0267828400
  -0.0006392900   -0.1309308100    0.0268525800
   0.0002820600   -0.1314352700    0.0285999500
  -0.0002852400   -0.1314263100    0.0285077200
  -0.0000764300   -0.1321121200    0.0225217000
   0.0000803000   -0.1321148200    0.0224529000
  -0.0000863200   -0.1302834000    0.0322155400
   0.0000830000   -0.1299033700    0.0322788700

17   
  0.0000000000000000   0.0000000000000000  -0.0100000000000000
  -0.0109042000    0.0254382000   -0.0121565700
   0.0109015900    0.0254698400   -0.0118015000
  -0.0000363200    0.0269434700    0.0030625200
   0.0000374800    0.0269754800    0.0035240300
   0.0000553100    0.0275161300   -0.0036390900
  -0.0000559200    0.0274992800   -0.0035400700
   0.0000042300    0.0274750600   -0.0033245000
  -0.0000061000    0.0275751800   -0.0029943500
  -0.0025384300    0.0417739500   -0.0493746000
   0.0025372700    0.0421879600   -0.0493585400
  -0.0007726300    0.0470724000   -0.0500032400
   0.0007726500    0.0473427200   -0.0500022200
   0.0000205900    0.0461844000   -0.0516795600
  -0.0000200800    0.0460354800   -0.0516791600
  -0.0000126100    0.0442570200   -0.0516591400
   0.0000146100    0.0448123300   -0.0516283900
   0.0001725300    0.0613453100   -0.0069207900
  -0.0001768200    0.0435115000   -0.1076723200
  -0.0000062300    0.0367758900   -0.1117446100
   0.0000034800    0.0368660500   -0.1131835200
  -0.0001127700    0.0366181500   -0.1170416300
   0.0001215900    0.0366227400   -0.1170065900
   0.0001327000    0.0366181000   -0.1162564200
  -0.0001305400    0.0366494600   -0.1162206800
   0.0014848500   -0.0369378800    0.1179634900
  -0.0014984400   -0.0369625500    0.1178940800
   0.0317815500   -0.0361766800    0.1100405600
  -0.0317648200   -0.0362143800    0.1099976600
  -0.0002242900   -0.0371076800    0.1146592200
   0.0002256000   -0.0371619600    0.1145692200
   0.0001503500   -0.0371881800    0.1136917900
  -0.0001573500   -0.0371886400    0.1137356600
  -0.0000098900   -0.0406611600    0.0496714100
   0.0000079700   -0.0445189300    0.0520596300
   0.0000056000   -0.0545628600    0.0505494200
  -0.0000084800   -0.0470150900    0.0519930700
   0.0000074600   -0.0463196900    0.0510451100
  -0.0000079800   -0.0468516600    0.0510137100
  -0.0000086500   -0.0448492600    0.0509394600
   0.0000078700   -0.0447355600    0.0509897600
  -0.0000042200   -0.0283910500    0.0004269600
   0.0000067500   -0.0279764500    0.0024310100
   0.0000028800   -0.0216070400   -0.0232812200
  -0.0000041100   -0.0280632200   -0.0001336200
   0.0000036500   -0.0273536100   -0.0030719500
  -0.0000039000   -0.0274154400   -0.0031145100
  -0.0000066500   -0.0275771200   -0.0043837900
   0.0000048400   -0.0274904300   -0.0042534400
   0.0000015700   -0.0428646900   -0.0518728000
  -0.0000044800   -0.0451372700   -0.0513257400
  -0.0000010600   -0.0477025500   -0.0524816400
   0.0000013200   -0.0455614200   -0.0513942200
  -0.0000019400   -0.0464117700   -0.0516856600
   0.0000018000   -0.0472163200   -0.0516479200
   0.0000041000   -0.0452436700   -0.0515354100
  -0.0000045700   -0.0442928700   -0.0515556500
   0.0000993200   -0.0369152200   -0.1158948100
  -0.0000936000   -0.0368964500   -0.1159436300
   0.0020014900   -0.0363169400   -0.1170451800
  -0.0020081200   -0.0362846300   -0.1171186200
  -0.0001889700   -0.0368427000   -0.1160605100
   0.0001891100   -0.0367681100   -0.1162589000
   0.0001219500   -0.0363785400   -0.1171203000
  -0.0001262900   -0.0363536500   -0.1170944500
  -0.0001797000    0.0377914700    0.1129252200
   0.0001800800    0.0371789700    0.1142913700
  -0.0000839000    0.0370184700    0.1146019300
   0.0000874100    0.0370796900    0.1146028600
  -0.0000205400    0.0382936200    0.1108548700
   0.0000196400    0.0379594400    0.1130326100
  -0.0002710000    0.0368220700    0.1151612500
   0.0002742900    0.0368480100    0.1150114200
   0.0000494400    0.0456117900    0.0510392300
  -0.0000508800    0.0453719500    0.0510550700
   0.0000603800    0.0442123400    0.0510358800
  -0.0000592100    0.0441208300    0.0510267700
   0.0000876600    0.0443288800    0.0509038500
  -0.0000880200    0.0445199200    0.0508990400
  -0.0000608100    0.0465710600    0.0512905100
   0.0000628500    0.0455741100    0.0513160500
  -0.0023948000   -0.1379815800   -0.0533318500
   0.0023954300   -0.1379772000   -0.0534578700
  -0.0005188000   -0.1295844400   -0.0366045300
   0.0005222600   -0.1297130700   -0.0367247400
  -0.0000091900   -0.1309216100   -0.0274277400
   0.0000156600   -0.1309327200   -0.0275499000
   0.0000540700   -0.1308219000   -0.0281641100
  -0.0000468400   -0.1308854900   -0.0282527700
   0.0000102300    0.1308680500    0.0268030200
  -0.0000033900    0.1316292100    0.0271745400
  -0.0000333900    0.1154202600    0.0059753000
   0.0000203200    0.1312773600    0.0218920400
  -0.0000170600    0.1307056100    0.0340005600
   0.0000140900    0.1307797100    0.0340475500
   0.0000238800    0.1303532100    0.0351571900
  -0.0000256100    0.1305654200    0.0350863600
   0.0000307700    0.1304033500   -0.0305442900
  -0.0000298500    0.1303521500   -0.0317394500
   0.0000467400    0.1325593300   -0.0193964900
  -0.0000360100    0.1308673200   -0.0298382500
   0.0000290700    0.1314783100   -0.0288228400
  -0.0000269800    0.1315946200   -0.0286844500
   0.0000204400    0.1304136800   -0.0259321600
  -0.0000147200    0.1304388200   -0.0267298400
  -0.0005859600   -0.1306202300    0.0347939000
   0.0005778600   -0.1306692000    0.0348772400
  -0.0002139100   -0.1299140500    0.0337259700
   0.0002035200   -0.1298856200    0.0336626000
   0.0000285700   -0.1293983600    0.0398888400
  -0.0000281000   -0.1294820100    0.0397670500
   0.0000698400   -0.1312419700    0.0300960000
  -0.0000694000   -0.1310322800    0.0301088500

81   
  0.0064007289536631   0.0076831418613571   0.0000000000000000
   0.0039766800    0.0520608800   -0.0279756500
  -0.0050300200    0.0279053300    0.0014754600
   0.0003430500    0.0233864400    0.0008924200
  -0.0002239100    0.0271326300   -0.0016698700
   0.0000357500    0.0274729000    0.0004492100
  -0.0000330800    0.0274330800    0.0006402400
   0.0000048500    0.0274673600    0.0003896400
  -0.0000043100    0.0275566300    0.0007018500
   0.0204436700    0.3887681500   -0.0443954500
  -0.0044584800    0.0504555000   -0.0506289300
   0.0020099400    0.0225962100   -0.0511531800
  -0.0021820500    0.0435819200   -0.0517884800
   0.0000013400    0.0457816500   -0.0513430600
   0.0000026300    0.0456939300   -0.0513392400
   0.0000001900    0.0446790900   -0.0513008800
   0.0000053600    0.0450521700   -0.0512771200
   0.0453697300    0.0664709600   -0.1084396800
   0.0060456800    0.0487114800   -0.1115222100
  -0.0006666100    0.0334334700   -0.1156392300
   0.0009155900    0.0332515500   -0.1164434900
  -0.0001235900    0.0370092500   -0.1154596800
   0.0001297000    0.0370295700   -0.1153484900
   0.0001450500    0.0369831400   -0.1150610600
  -0.0001436000    0.0370453300   -0.1150531600
   0.0015333200   -0.0399379300    0.1155366200
  -0.0015566000   -0.0375115200    0.1148596000
   0.0138885900   -0.0213534700    0.1271802000
  -0.0128008000   -0.0379853400    0.1148331200
  -0.0002374000   -0.0368905800    0.1157913700
   0.0002409400   -0.0369324300    0.1157381200
   0.0000266500   -0.0368115700    0.1154473900
  -0.0000273300   -0.0368000800    0.1154698300
   0.0011282600   -0.0466095800    0.0520909200
  -0.0009057000   -0.0501242200    0.0530382600
   0.0000489600   -0.0473429700    0.0501352100
   0.0000309200   -0.0442903300    0.0514943400
   0.0000075000   -0.0459530800    0.0513863500
  -0.0000054500   -0.0461107700    0.0513473300
  -0.0000058800   -0.0449478000    0.0513931600
   0.0000043600   -0.0454656900    0.0513962500
  -0.0000184400   -0.0278814800    0.0016805600
   0.0000280300   -0.0277230500    0.0036776300
   0.0002234300   -0.0253979200   -0.0081461200
   0.0006884900   -0.0289573800    0.0043761900
   0.0000060700   -0.0275073300   -0.0000698800
  -0.0000026600   -0.0275571200   -0.0003492200
  -0.0000540300   -0.0273204900    0.0012070300
   0.0000499500   -0.0273110800    0.0006832000
   0.0000033400   -0.0438500400   -0.0514230300
  -0.0000068200   -0.0451648200   -0.0510839900
   0.0000253100   -0.0471210600   -0.0516493300
   0.0000213500   -0.0455808300   -0.0510555800
  -0.0000213400   -0.0449765300   -0.0513138300
   0.0000294200   -0.0457653700   -0.0513099000
  -0.0000371400   -0.0463401600   -0.0513298300
   0.0000436500   -0.0450820200   -0.0513698400
   0.0002078400   -0.0371557300   -0.1147695100
  -0.0001899100   -0.0371402800   -0.1148150000
   0.0012134300   -0.0368646200   -0.1156469200
  -0.0011435800   -0.0368224700   -0.1156074900
  -0.0000973500   -0.0367915300   -0.1159369600
   0.0001055000   -0.0367701600   -0.1160076600
   0.0003880300   -0.0379313300   -0.1139726100
  -0.0003798700   -0.0368391800   -0.1152522000
  -0.0002403600    0.0371421500    0.1150216000
   0.0002446700    0.0367686200    0.1159161700
  -0.0000384700    0.0367927400    0.1159637700
   0.0000433000    0.0367688300    0.1160649700
  -0.0021759100    0.0367100000    0.1164003100
   0.0015673900    0.0367653900    0.1165815300
  -0.0002747200    0.0369328600    0.1149585700
   0.0002965900    0.0369236700    0.1147383100
   0.0000378700    0.0460402900    0.0513963900
  -0.0000376900    0.0456003600    0.0514146300
   0.0000345000    0.0449455900    0.0514171300
  -0.0000317400    0.0449791300    0.0514106700
  -0.0000455600    0.0490370400    0.0532790200
  -0.0001128200    0.0472676800    0.0510671000
   0.0000981800    0.0434664500    0.0513413000
  -0.0000970700    0.0433809600    0.0513330300
  -0.1461799400   -0.5589521800   -0.0397779100
   0.0811153300   -0.1321941300   -0.0313454500
  -0.0020077700   -0.0979405000   -0.0315610600
   0.0018638600   -0.1286229100   -0.0296284500
  -0.0000120800   -0.1305928700   -0.0314162600
   0.0000143400   -0.1307149500   -0.0315717500
   0.0000457700   -0.1306801100   -0.0316362300
  -0.0000462100   -0.1306076000   -0.0317087200
  -0.0019458400    0.1355137500    0.0286823500
   0.0020376700    0.1388023700    0.0276996200
   0.0021204100    0.1326542600    0.0633850700
  -0.0052683400    0.1267440500    0.0123293200
  -0.0000216400    0.1308584300    0.0309663300
   0.0000175400    0.1308468300    0.0310578300
   0.0000343600    0.1306943000    0.0304531100
  -0.0000238500    0.1309329300    0.0306176400
   0.0000167000    0.1302999800   -0.0326055500
  -0.0000189300    0.1305043900   -0.0339527600
  -0.0000175100    0.1316078800   -0.0271537900
  -0.0000726000    0.1305267300   -0.0332904500
   0.0000535000    0.1305273500   -0.0308873000
  -0.0000503400    0.1306177600   -0.0306009400
   0.0005419300    0.1310737200   -0.0323528300
  -0.0006434200    0.1308921900   -0.0320683400
  -0.0003671600   -0.1310090800    0.0307299900
   0.0003728600   -0.1309665000    0.0307529500
  -0.0001700900   -0.1305003700    0.0302758700
   0.0001672700   -0.1304886800    0.0301823400
  -0.0009321600   -0.1302921000    0.0227811500
   0.0011370100   -0.1326543500    0.0311521900
  -0.0002520300   -0.1291185300    0.0328276100
   0.0002066000   -0.1293231300    0.0329961500

81   
 -0.0064007289536631  -0.0076831418613571  -0.0000000000000000
  -0.0041126500    0.0025412900    0.0274684300
   0.0049759500    0.0271967200   -0.0011361300
  -0.0003496500    0.0314888600   -0.0001644000
   0.0002302700    0.0278390600    0.0027768900
  -0.0000326300    0.0275715100    0.0000165500
   0.0000301900    0.0275606100    0.0000189200
  -0.0000223600    0.0274265000   -0.0010883700
   0.0000198000    0.0274937500   -0.0008320400
  -0.0181352700   -0.3128186700   -0.0584296300
   0.0044192900    0.0418271200   -0.0520318100
  -0.0019385400    0.0678176900   -0.0515359600
   0.0021461900    0.0471768800   -0.0509267200
   0.0000149900    0.0460642600   -0.0513706300
  -0.0000174300    0.0459054900   -0.0513770900
  -0.0000031100    0.0442988600   -0.0514364400
   0.0000051700    0.0449265600   -0.0514048200
  -0.0418659100    0.0079990000   -0.1222923600
  -0.0083522200    0.0251437900   -0.1193997800
   0.0004467200    0.0404279100   -0.1148703600
  -0.0006895200    0.0405473600   -0.1144974500
  -0.0001070000    0.0369536700   -0.1157634300
   0.0001116600    0.0369792000   -0.1156404100
   0.0001574400    0.0368371400   -0.1152956200
  -0.0001548300    0.0368477900   -0.1153856200
  -0.0012242400   -0.0339309800    0.1154429800
   0.0012196200   -0.0363392700    0.1161373100
  -0.0137204900   -0.0526671200    0.1033052900
   0.0124634900   -0.0359080400    0.1157366000
  -0.0000619400   -0.0368161000    0.1155807100
   0.0000636200   -0.0368756500    0.1154610600
  -0.0000196600   -0.0369214100    0.1149190000
   0.0000102700   -0.0369196000    0.1149824200
  -0.0011628300   -0.0463631100    0.0505898100
   0.0009697000   -0.0405678700    0.0496213600
  -0.0000486500   -0.0430053700    0.0525060500
  -0.0000285200   -0.0467845100    0.0511877800
   0.0000052700   -0.0462692500    0.0513098100
  -0.0000078800   -0.0461892300    0.0512836100
  -0.0000069800   -0.0450915600    0.0512132500
   0.0000082300   -0.0456531500    0.0512337800
   0.0000076200   -0.0270400800   -0.0026047500
  -0.0000166700   -0.0272501500   -0.0032159800
  -0.0002267500   -0.0295673300    0.0079495700
  -0.0006915500   -0.0261373200   -0.0041302900
   0.0000061900   -0.0273732400   -0.0006008900
  -0.0000047200   -0.0273701500   -0.0001975600
   0.0000430000   -0.0275345000   -0.0008016300
  -0.0000422300   -0.0275218700   -0.0011285900
   0.0000010900   -0.0451312900   -0.0513004700
  -0.0000021300   -0.0463006000   -0.0515728400
  -0.0000329600   -0.0449804300   -0.0509988400
  -0.0000116200   -0.0454883100   -0.0515886000
   0.0000237300   -0.0455106400   -0.0514040800
  -0.0000313700   -0.0467836900   -0.0513755000
   0.0000363400   -0.0457534700   -0.0512808400
  -0.0000429500   -0.0447497900   -0.0512805300
  -0.0009226900   -0.0366377200   -0.1159681800
   0.0009224000   -0.0366429800   -0.1159772000
  -0.0011164200   -0.0370690000   -0.1150401700
   0.0010351400   -0.0370364400   -0.1152115700
  -0.0003455800   -0.0369715500   -0.1152011400
   0.0003466100   -0.0368257500   -0.1155244300
   0.0002199800   -0.0358337600   -0.1167413300
  -0.0002276000   -0.0368672200   -0.1154622400
  -0.0000980600    0.0366730700    0.1158210700
   0.0000914300    0.0370542800    0.1151297500
  -0.0000238600    0.0369863700    0.1152185000
   0.0000259900    0.0372231900    0.1145057400
   0.0020950100    0.0374835200    0.1143085700
  -0.0014856200    0.0372957600    0.1145977100
  -0.0002095700    0.0368637600    0.1157395200
   0.0001997800    0.0369627000    0.1155883600
  -0.0000229900    0.0451587600    0.0512354400
   0.0000238000    0.0451913300    0.0512442600
  -0.0000523500    0.0450045000    0.0513614200
   0.0000541200    0.0450400000    0.0513480300
   0.0000569200    0.0430871100    0.0494288000
   0.0000933200    0.0446865800    0.0516103500
  -0.0001109500    0.0467119200    0.0513758800
   0.0001116900    0.0452185900    0.0514359600
   0.1418627200    0.3134672100   -0.0234730200
  -0.0800808700   -0.1292855700   -0.0309887400
   0.0021153200   -0.1633457500   -0.0309063600
  -0.0019370400   -0.1328313500   -0.0330435400
  -0.0000391500   -0.1307406400   -0.0307140000
   0.0000384400   -0.1307010700   -0.0307918300
   0.0000398400   -0.1307199600   -0.0304595900
  -0.0000356200   -0.1308174400   -0.0305041300
   0.0020454600    0.1264470400    0.0339127800
  -0.0021212200    0.1227180500    0.0346364200
  -0.0021131300    0.1287929100   -0.0001144100
   0.0052824400    0.1349275100    0.0500276100
  -0.0000213100    0.1309203200    0.0315153600
   0.0000185500    0.1308950100    0.0314697700
   0.0000116400    0.1307736500    0.0320059600
  -0.0000215600    0.1308986100    0.0321076000
   0.0000209900    0.1312760800   -0.0300743100
  -0.0000162600    0.1310229700   -0.0285542300
   0.0001043700    0.1302708300   -0.0352692300
   0.0000068800    0.1311280100   -0.0294030100
   0.0000086900    0.1310426200   -0.0311131100
  -0.0000038000    0.1311320400   -0.0311335500
  -0.0005162400    0.1306916300   -0.0298545200
   0.0006325300    0.1305982900   -0.0301981500
   0.0004216300   -0.1304173700    0.0309258000
  -0.0004376400   -0.1305352400    0.0310153300
   0.0002474800   -0.1307807200    0.0321161700
  -0.0002580200   -0.1307902300    0.0320559300
   0.0009212500   -0.1311941000    0.0401894100
  -0.0011157500   -0.1288969200    0.0310352400
   0.0002456100   -0.1323601100    0.0291550800
  -0.0002173000   -0.1316006000    0.0292234200

81   
  0.0000000000000000   0.0000000000000000   0.0100000000000000
   0.0000003800   -0.0101823600    0.1073341500
  -0.0000016300    0.0276882900    0.0367848500
   0.0000001800    0.0267492900    0.0180367100
  -0.0000006600    0.0271850800    0.0159176700
   0.0000011700    0.0274944000   -0.0105063000
  -0.0000016400    0.0275247500   -0.0102192600
  -0.0000038500    0.0276826600   -0.0082389300
   0.0000027600    0.0276544000   -0.0083422200
   0.0000065900    0.0595060600   -0.0189059000
  -0.0000050300    0.0491287300   -0.0474451000
  -0.0000043000    0.0444466500   -0.0460927200
   0.0000035700    0.0419626700   -0.0492832200
   0.0000035100    0.0445837200   -0.0522053500
  -0.0000032200    0.0447932100   -0.0521882800
  -0.0000046800    0.0450858200   -0.0521935400
   0.0000043500    0.0449317300   -0.0521989400
   0.0142783300    0.0435028500   -0.0933178100
  -0.0142799000    0.0435311200   -0.0933255800
   0.0010178100    0.0381524900   -0.1099733200
  -0.0010195200    0.0381341800   -0.1099563000
   0.0000374800    0.0356600400   -0.1193219500
  -0.0000358900    0.0356905600   -0.1193262700
  -0.0000060200    0.0360082600   -0.1185781500
   0.0000042300    0.0359935300   -0.1185758900
   0.0000025300   -0.0355775000    0.1201299800
  -0.0000055700   -0.0360987500    0.1195560200
  -0.0000251400   -0.0401555600    0.1443341500
   0.0000279800   -0.0337121900    0.1250346200
   0.0000211800   -0.0374540300    0.1126315500
  -0.0000179200   -0.0374343300    0.1126546200
  -0.0000343700   -0.0378991400    0.1114917600
   0.0000334300   -0.0379161400    0.1116644100
  -0.0007176800   -0.0391025800    0.0515122700
   0.0007181000   -0.0389344200    0.0515264800
  -0.0021730000   -0.0507131800    0.0512103100
   0.0021715700   -0.0510229000    0.0511943800
   0.0000109400   -0.0446456300    0.0506953400
  -0.0000096200   -0.0445264600    0.0507016900
  -0.0000252600   -0.0434570900    0.0505351800
   0.0000255900   -0.0437013900    0.0505260900
  -0.0000374200   -0.0285223400   -0.0024007800
   0.0000377300   -0.0285174700   -0.0021969600
  -0.0020917700   -0.0278328800   -0.0149814800
   0.0020913800   -0.0278357700   -0.0151806000
   0.0000593100   -0.0272293700   -0.0065773300
  -0.0000593800   -0.0271908000   -0.0064466800
   0.0004279800   -0.0280097600   -0.0121417100
  -0.0004290200   -0.0280306600   -0.0122575500
  -0.0000359000   -0.0431806300   -0.0519833700
   0.0000340500   -0.0434799300   -0.0519700400
  -0.0000185800   -0.0462710600   -0.0523054000
   0.0000200500   -0.0460773600   -0.0523144200
   0.0004065300   -0.0468233800   -0.0524374000
  -0.0004078400   -0.0469958100   -0.0524361900
   0.0002369700   -0.0421267200   -0.0519397300
  -0.0002353800   -0.0421050900   -0.0519391600
  -0.0000225600   -0.0363829100   -0.1177178300
   0.0000223700   -0.0363974100   -0.1177020600
   0.0000189000   -0.0352969900   -0.1207314800
  -0.0000195100   -0.0353317500   -0.1199983500
  -0.0000232800   -0.0371570200   -0.1163564000
   0.0000202200   -0.0370372000   -0.1150730100
   0.0000022100   -0.0320842600   -0.1274263300
   0.0000011000   -0.0373100900   -0.1169841400
  -0.0000595300    0.0379348500    0.1114504200
   0.0000593300    0.0379181900    0.1114476700
   0.0000084800    0.0373536800    0.1128847800
  -0.0000093100    0.0373670500    0.1129021400
   0.0222719100    0.0398423300    0.1068704700
  -0.0222726500    0.0398346700    0.1068665900
   0.0021586000    0.0357275100    0.1166128800
  -0.0021596000    0.0357414400    0.1166080700
  -0.0000028200    0.0451175100    0.0506788100
   0.0000021700    0.0449464800    0.0506852300
   0.0000053200    0.0435994800    0.0505593500
  -0.0000046400    0.0437335500    0.0505632200
  -0.0000005800    0.0301934800    0.0464802500
   0.0000018400    0.0431640300    0.0525446400
   0.0000033200    0.0524190600    0.0501663600
  -0.0000022600    0.0475758100    0.0524449300
   0.0000134000   -0.1442503500   -0.3295990500
  -0.0000112100   -0.1311792300   -0.0631529400
  -0.0000045100   -0.1313869200   -0.0503259800
   0.0000063500   -0.1289768800   -0.0467580500
   0.0000125000   -0.1315982100   -0.0213581800
  -0.0000093600   -0.1317183700   -0.0215251900
  -0.0000091100   -0.1320025200   -0.0233026200
   0.0000125600   -0.1319514100   -0.0232756700
   0.0007461100    0.1271498800    0.0279889000
  -0.0007468500    0.1271266300    0.0278922400
   0.0396737600    0.1393099400    0.0453483000
  -0.0396752400    0.1394699100    0.0454379400
  -0.0000054300    0.1306351400    0.0382708400
   0.0000002900    0.1306301300    0.0382506600
  -0.0000274100    0.1300236700    0.0419799500
   0.0000247100    0.1300847500    0.0419923500
   0.0000492000    0.1307373900   -0.0268492800
  -0.0000469600    0.1308781100   -0.0269561700
   0.0002535900    0.1325503200   -0.0178430600
  -0.0002522900    0.1325036300   -0.0177575900
  -0.0011532200    0.1335936600   -0.0269009900
   0.0011603400    0.1336436800   -0.0269681500
  -0.0047525500    0.1295792400   -0.0178172000
   0.0047545200    0.1295974500   -0.0177404300
  -0.0000029500   -0.1310823800    0.0416913000
   0.0000023000   -0.1309886000    0.0413806800
   0.0000039100   -0.1299526200    0.0386589800
  -0.0000032700   -0.1300004400    0.0387040800
  -0.0000026600   -0.1200223800    0.1261094300
  -0.0000014200   -0.1312564900    0.0096184800
  -0.0000010900   -0.1334617100    0.0225553500
  -0.0000025400   -0.1334843400    0.0207064200

81   
  0.0000000000000000   0.0000000000000000  -0.0100000000000000
   0.0000009200    0.0681018300   -0.1178031700
  -0.0000031100    0.0273566400   -0.0366867900
   0.0000012600    0.0283526500   -0.0180439400
  -0.0000017700    0.0279712400   -0.0158165900
   0.0000021800    0.0274665700    0.0102237400
  -0.0000027900    0.0275264700    0.0101423700
  -0.0000011500    0.0274746100    0.0082960300
  -0.0000015700    0.0274622200    0.0082470700
  -0.0000047000    0.0316755600   -0.0841983500
   0.0000063800    0.0403005100   -0.0553951400
   0.0000074200    0.0448296300   -0.0567536400
  -0.0000089600    0.0474467900   -0.0535194600
  -0.0000136700    0.0452352600   -0.0506058200
   0.0000127100    0.0451492000   -0.0506105500
   0.0000091400    0.0448513600   -0.0506223900
  -0.0000067500    0.0448984200   -0.0506229500
  -0.0142509800    0.0302313600   -0.1382264500
   0.0142456300    0.0302151700   -0.1382077000
  -0.0010001400    0.0354837200   -0.1208384900
   0.0009935500    0.0355146800   -0.1208796900
  -0.0000380600    0.0378034200   -0.1119268900
   0.0000431200    0.0377711300   -0.1118498700
   0.0000269200    0.0374913000   -0.1124333100
  -0.0000242400    0.0375187100   -0.1124849300
   0.0000545000   -0.0379464200    0.1111310700
  -0.0000553600   -0.0374103400    0.1116735100
  -0.0000100200   -0.0327739700    0.0901123700
   0.0000165000   -0.0398149500    0.1061498500
   0.0000645100   -0.0362212800    0.1183727400
  -0.0000601600   -0.0362151800    0.1183196300
  -0.0000925400   -0.0357576000    0.1193553000
   0.0000822400   -0.0357667100    0.1192095400
   0.0007136600   -0.0506258200    0.0513206600
  -0.0007101600   -0.0509001300    0.0513164400
   0.0021363500   -0.0393098600    0.0516370700
  -0.0021351800   -0.0388525800    0.0516290400
   0.0000030700   -0.0448332900    0.0521055000
   0.0000013800   -0.0450453500    0.0521197500
   0.0000186000   -0.0463347900    0.0522688500
  -0.0000193700   -0.0458901200    0.0522477000
   0.0000339800   -0.0265813000    0.0021862600
  -0.0000336000   -0.0265406400    0.0023141000
   0.0020884900   -0.0273166600    0.0150295300
  -0.0020870200   -0.0273184100    0.0150093800
  -0.0000577400   -0.0279350200    0.0063434700
   0.0000568200   -0.0278987100    0.0064189800
  -0.0004315800   -0.0271869000    0.0121336500
   0.0004308600   -0.0272167300    0.0120452700
   0.0000304900   -0.0466365500   -0.0508577500
  -0.0000299600   -0.0463381300   -0.0508503800
   0.0000238500   -0.0436609100   -0.0505195500
  -0.0000236100   -0.0440434200   -0.0505218900
  -0.0004017900   -0.0425870000   -0.0503796000
   0.0004065700   -0.0424186000   -0.0503668500
  -0.0002371300   -0.0472831700   -0.0508560900
   0.0002370300   -0.0473865500   -0.0508651300
  -0.0001254800   -0.0371881600   -0.1133568700
   0.0001259400   -0.0371870400   -0.1133865000
   0.0000326800   -0.0383308400   -0.1103034100
  -0.0000342900   -0.0382808500   -0.1110353400
  -0.0001230700   -0.0364484200   -0.1146993200
   0.0001185600   -0.0365565200   -0.1159711600
   0.0001074300   -0.0415298800   -0.1036119800
  -0.0001115200   -0.0363292900   -0.1139548100
   0.0000713600    0.0356555300    0.1195701500
  -0.0000708800    0.0356807400    0.1196012000
  -0.0000005600    0.0362548900    0.1180604800
   0.0000022800    0.0362335100    0.1179730600
  -0.0220629700    0.0336985600    0.1242177500
   0.0220706000    0.0337161700    0.1243074700
  -0.0021709500    0.0378538000    0.1144422200
   0.0021731000    0.0378333300    0.1143483000
   0.0000017600    0.0448707300    0.0521611700
  -0.0000044600    0.0448352700    0.0521466100
  -0.0000049700    0.0461175600    0.0522557400
   0.0000088200    0.0462153500    0.0522467000
   0.0000073600    0.0587360900    0.0563698600
  -0.0000129200    0.0466614100    0.0502706000
  -0.0000050000    0.0369830700    0.0526738300
   0.0000065300    0.0418166400    0.0503760800
  -0.0000310300   -0.1234565700    0.2766345600
   0.0000392600   -0.1309880300    0.0003941100
   0.0000563600   -0.1305805600   -0.0122995200
  -0.0000463600   -0.1332342600   -0.0158683100
  -0.0000630500   -0.1307835100   -0.0412100400
   0.0000497200   -0.1307754800   -0.0410112900
   0.0000290500   -0.1303780600   -0.0391034900
  -0.0000284200   -0.1304702900   -0.0390926900
  -0.0007094500    0.1352164600    0.0344817200
   0.0007117300    0.1354826200    0.0345343200
  -0.0393845500    0.1232391400    0.0169922700
   0.0393724600    0.1231718500    0.0169585900
   0.0000110800    0.1316954900    0.0244098500
  -0.0000085100    0.1318349000    0.0244650200
   0.0000120200    0.1324795300    0.0206287200
  -0.0000254000    0.1323623700    0.0205684500
  -0.0000637200    0.1315236100   -0.0356193000
   0.0000659200    0.1316136200   -0.0356251200
  -0.0002305200    0.1300190300   -0.0446817200
   0.0002360800    0.1300650300   -0.0446757700
   0.0011862200    0.1287265300   -0.0356019500
  -0.0011792900    0.1286606600   -0.0355424700
   0.0047692200    0.1327658300   -0.0446315100
  -0.0047686300    0.1328280500   -0.0446575200
   0.0000069100   -0.1314021700    0.0211249400
  -0.0000070200   -0.1314733600    0.0212943900
  -0.0000188500   -0.1323809800    0.0238061800
   0.0000163900   -0.1323795900    0.0238543200
   0.0000137500   -0.1420783900   -0.0643279300
  -0.0000205300   -0.1312058900    0.0528685700
  -0.0000241700   -0.1287881100    0.0399274600
   0.0000289700   -0.1287024800    0.0416878000
