# Egap(eV), Auger_coef(cm6s-1), eta (eV) =   0.200
  1.000   0.112959311E-31
  1.010   0.110963413E-31
  1.020   0.109003649E-31
  1.030   0.107104307E-31
  1.040   0.105288425E-31
  1.050   0.103577593E-31
  1.060   0.101991811E-31
  1.070   0.100549382E-31
  1.080   0.992668629E-32
  1.090   0.981590296E-32
  1.100   0.972388780E-32
  1.110   0.965176329E-32
  1.120   0.960047672E-32
  1.130   0.957080203E-32
  1.140   0.956334110E-32
  1.150   0.957852427E-32
  1.160   0.961660971E-32
  1.170   0.967768180E-32
  1.180   0.976164873E-32
  1.190   0.986823945E-32
  1.200   0.999700077E-32
  1.210   0.101472948E-31
  1.220   0.103182974E-31
  1.230   0.105089986E-31
  1.240   0.107182046E-31
  1.250   0.109445425E-31
  1.260   0.111864683E-31
  1.270   0.114422768E-31
  1.280   0.117101152E-31
  1.290   0.119879995E-31
  1.300   0.122738326E-31
  1.310   0.125654256E-31
  1.320   0.128605193E-31
  1.330   0.131568076E-31
  1.340   0.134519614E-31
  1.350   0.137436516E-31
  1.360   0.140295720E-31
  1.370   0.143074612E-31
  1.380   0.145751230E-31
  1.390   0.148304448E-31
  1.400   0.150714152E-31
  1.410   0.152961393E-31
  1.420   0.155028522E-31
  1.430   0.156899321E-31
  1.440   0.158559115E-31
  1.450   0.159994874E-31
  1.460   0.161195310E-31
  1.470   0.162150973E-31
  1.480   0.162854330E-31
  1.490   0.163299852E-31
  1.500   0.163484084E-31
  1.510   0.163405715E-31
  1.520   0.163065628E-31
  1.530   0.162466943E-31
  1.540   0.161615030E-31
  1.550   0.160517512E-31
  1.560   0.159184222E-31
  1.570   0.157627142E-31
  1.580   0.155860298E-31
  1.590   0.153899627E-31
  1.600   0.151762797E-31
  1.610   0.149469004E-31
  1.620   0.147038727E-31
  1.630   0.144493462E-31
  1.640   0.141855439E-31
  1.650   0.139147317E-31
  1.660   0.136391884E-31
  1.670   0.133611754E-31
  1.680   0.130829080E-31
  1.690   0.128065290E-31
  1.700   0.125340840E-31
  1.710   0.122675012E-31
  1.720   0.120085739E-31
  1.730   0.117589472E-31
  1.740   0.115201086E-31
  1.750   0.112933816E-31
  1.760   0.110799231E-31
  1.770   0.108807232E-31
  1.780   0.106966072E-31
  1.790   0.105282385E-31
  1.800   0.103761226E-31
  1.810   0.102406106E-31
  1.820   0.101219025E-31
  1.830   0.100200488E-31
  1.840   0.993495078E-32
  1.850   0.986635968E-32
  1.860   0.981387355E-32
  1.870   0.977693347E-32
  1.880   0.975481881E-32
  1.890   0.974664237E-32
  1.900   0.975134628E-32
  1.910   0.976769939E-32
  1.920   0.979429714E-32
  1.930   0.982956469E-32
  1.940   0.987176425E-32
  1.950   0.991900715E-32
  1.960   0.996927116E-32
  1.970   0.100204234E-31
  1.980   0.100702486E-31
  1.990   0.101164831E-31
  2.000   0.101568526E-31
  2.010   0.101891153E-31
  2.020   0.102111063E-31
  2.030   0.102207852E-31
  2.040   0.102162831E-31
  2.050   0.101959483E-31
  2.060   0.101583906E-31
  2.070   0.101025199E-31
  2.080   0.100275803E-31
  2.090   0.993317767E-32
  2.100   0.981929858E-32
  2.110   0.968632172E-32
  2.120   0.953501977E-32
  2.130   0.936655231E-32
  2.140   0.918244948E-32
  2.150   0.898458699E-32
  2.160   0.877515296E-32
  2.170   0.855660751E-32
  2.180   0.833163617E-32
  2.190   0.810309834E-32
  2.200   0.787397213E-32
  2.210   0.764729693E-32
  2.220   0.742611523E-32
  2.230   0.721341495E-32
  2.240   0.701207360E-32
  2.250   0.682480558E-32
  2.260   0.665411353E-32
  2.270   0.650224469E-32
  2.280   0.637115308E-32
  2.290   0.626246797E-32
  2.300   0.617746907E-32
  2.310   0.611706866E-32
  2.320   0.608180075E-32
  2.330   0.607181716E-32
  2.340   0.608689024E-32
  2.350   0.612642209E-32
  2.360   0.618945963E-32
  2.370   0.627471510E-32
  2.380   0.638059154E-32
  2.390   0.650521231E-32
  2.400   0.664645432E-32
  2.410   0.680198399E-32
  2.420   0.696929543E-32
  2.430   0.714575001E-32
  2.440   0.732861662E-32
  2.450   0.751511201E-32
  2.460   0.770244043E-32
  2.470   0.788783213E-32
  2.480   0.806857991E-32
  2.490   0.824207348E-32
  2.500   0.840583096E-32
  2.510   0.855752730E-32
  2.520   0.869501929E-32
  2.530   0.881636689E-32
  2.540   0.891985086E-32
  2.550   0.900398651E-32
  2.560   0.906753374E-32
  2.570   0.910950332E-32
  2.580   0.912915961E-32
  2.590   0.912601997E-32
  2.600   0.909985098E-32
  2.610   0.905066188E-32
  2.620   0.897869526E-32
  2.630   0.888441564E-32
  2.640   0.876849585E-32
  2.650   0.863180178E-32
  2.660   0.847537559E-32
  2.670   0.830041771E-32
  2.680   0.810826788E-32
  2.690   0.790038542E-32
  2.700   0.767832898E-32
  2.710   0.744373605E-32
  2.720   0.719830230E-32
  2.730   0.694376116E-32
  2.740   0.668186372E-32
  2.750   0.641435925E-32
  2.760   0.614297656E-32
  2.770   0.586940641E-32
  2.780   0.559528524E-32
  2.790   0.532218036E-32
  2.800   0.505157685E-32
  2.810   0.478486637E-32
  2.820   0.452333788E-32
  2.830   0.426817052E-32
  2.840   0.402042858E-32
  2.850   0.378105857E-32
  2.860   0.355088845E-32
  2.870   0.333062867E-32
  2.880   0.312087517E-32
  2.890   0.292211378E-32
  2.900   0.273472613E-32
  2.910   0.255899654E-32
  2.920   0.239511973E-32
  2.930   0.224320902E-32
  2.940   0.210330471E-32
  2.950   0.197538241E-32
  2.960   0.185936105E-32
  2.970   0.175511026E-32
  2.980   0.166245715E-32
  2.990   0.158119206E-32
  3.000   0.151107349E-32
  3.010   0.145183186E-32
  3.020   0.140317240E-32
  3.030   0.136477699E-32
  3.040   0.133630502E-32
  3.050   0.131739367E-32
  3.060   0.130765732E-32
  3.070   0.130668661E-32
  3.080   0.131404715E-32
  3.090   0.132927814E-32
  3.100   0.135189093E-32
  3.110   0.138136800E-32
  3.120   0.141716216E-32
  3.130   0.145869648E-32
  3.140   0.150536479E-32
  3.150   0.155653301E-32
  3.160   0.161154147E-32
  3.170   0.166970798E-32
  3.180   0.173033203E-32
  3.190   0.179269983E-32
  3.200   0.185609022E-32
  3.210   0.191978148E-32
  3.220   0.198305869E-32
  3.230   0.204522169E-32
  3.240   0.210559338E-32
  3.250   0.216352816E-32
  3.260   0.221842029E-32
  3.270   0.226971197E-32
  3.280   0.231690090E-32
  3.290   0.235954707E-32
  3.300   0.239727864E-32
  3.310   0.242979664E-32
  3.320   0.245687839E-32
  3.330   0.247837954E-32
  3.340   0.249423455E-32
  3.350   0.250445567E-32
  3.360   0.250913043E-32
  3.370   0.250841763E-32
  3.380   0.250254201E-32
  3.390   0.249178764E-32
  3.400   0.247649038E-32
  3.410   0.245702944E-32
  3.420   0.243381836E-32
  3.430   0.240729567E-32
  3.440   0.237791544E-32
  3.450   0.234613794E-32
  3.460   0.231242071E-32
  3.470   0.227721020E-32
  3.480   0.224093416E-32
  3.490   0.220399498E-32
  3.500   0.216676406E-32
  3.510   0.212957727E-32
  3.520   0.209273165E-32
  3.530   0.205648322E-32
  3.540   0.202104602E-32
  3.550   0.198659221E-32
  3.560   0.195325326E-32
  3.570   0.192112204E-32
  3.580   0.189025574E-32
  3.590   0.186067950E-32
  3.600   0.183239058E-32
  3.610   0.180536288E-32
  3.620   0.177955185E-32
  3.630   0.175489934E-32
  3.640   0.173133854E-32
  3.650   0.170879871E-32
  3.660   0.168720956E-32
  3.670   0.166650532E-32
  3.680   0.164662816E-32
  3.690   0.162753113E-32
  3.700   0.160918034E-32
  3.710   0.159155645E-32
  3.720   0.157465539E-32
  3.730   0.155848831E-32
  3.740   0.154308077E-32
  3.750   0.152847122E-32
  3.760   0.151470881E-32
  3.770   0.150185054E-32
  3.780   0.148995802E-32
  3.790   0.147909375E-32
  3.800   0.146931718E-32
  3.810   0.146068058E-32
  3.820   0.145322501E-32
  3.830   0.144697638E-32
  3.840   0.144194184E-32
  3.850   0.143810660E-32
  3.860   0.143543127E-32
  3.870   0.143384997E-32
  3.880   0.143326910E-32
  3.890   0.143356701E-32
  3.900   0.143459448E-32
  3.910   0.143617615E-32
  3.920   0.143811281E-32
  3.930   0.144018444E-32
  3.940   0.144215412E-32
  3.950   0.144377256E-32
  3.960   0.144478312E-32
  3.970   0.144492731E-32
  3.980   0.144395047E-32
  3.990   0.144160757E-32
  4.000   0.143766887E-32
  4.010   0.143192535E-32
  4.020   0.142419368E-32
  4.030   0.141432060E-32
  4.040   0.140218657E-32
  4.050   0.138770860E-32
  4.060   0.137084213E-32
  4.070   0.135158190E-32
  4.080   0.132996186E-32
  4.090   0.130605401E-32
  4.100   0.127996633E-32
  4.110   0.125183978E-32
  4.120   0.122184450E-32
  4.130   0.119017536E-32
  4.140   0.115704700E-32
  4.150   0.112268845E-32
  4.160   0.108733767E-32
  4.170   0.105123596E-32
  4.180   0.101462260E-32
  4.190   0.977729797E-33
  4.200   0.940778097E-33
  4.210   0.903972347E-33
  4.220   0.867498403E-33
  4.230   0.831520556E-33
  4.240   0.796179783E-33
  4.250   0.761592799E-33
  4.260   0.727851912E-33
  4.270   0.695025630E-33
  4.280   0.663159948E-33
  4.290   0.632280227E-33
  4.300   0.602393557E-33
  4.310   0.573491485E-33
  4.320   0.545552983E-33
  4.330   0.518547533E-33
  4.340   0.492438201E-33
  4.350   0.467184592E-33
  4.360   0.442745590E-33
  4.370   0.419081781E-33
  4.380   0.396157519E-33
  4.390   0.373942563E-33
  4.400   0.352413275E-33
  4.410   0.331553363E-33
  4.420   0.311354188E-33
  4.430   0.291814654E-33
  4.440   0.272940726E-33
  4.450   0.254744639E-33
  4.460   0.237243836E-33
  4.470   0.220459725E-33
  4.480   0.204416308E-33
  4.490   0.189138744E-33
  4.500   0.174651929E-33
  4.510   0.160979114E-33
  4.520   0.148140648E-33
  4.530   0.136152852E-33
  4.540   0.125027076E-33
  4.550   0.114768945E-33
  4.560   0.105377811E-33
  4.570   0.968464197E-34
  4.580   0.891607662E-34
  4.590   0.823001535E-34
  4.600   0.762374180E-34
  4.610   0.709393097E-34
  4.620   0.663670037E-34
  4.630   0.624767168E-34
  4.640   0.592204068E-34
  4.650   0.565465309E-34
  4.660   0.544008396E-34
  4.670   0.527271886E-34
  4.680   0.514683480E-34
  4.690   0.505667953E-34
  4.700   0.499654777E-34
  4.710   0.496085327E-34
  4.720   0.494419579E-34
  4.730   0.494142228E-34
  4.740   0.494768156E-34
  4.750   0.495847208E-34
  4.760   0.496968249E-34
  4.770   0.497762453E-34
  4.780   0.497905829E-34
  4.790   0.497120955E-34
  4.800   0.495177940E-34
  4.810   0.491894599E-34
  4.820   0.487135886E-34
  4.830   0.480812595E-34
  4.840   0.472879375E-34
  4.850   0.463332131E-34
  4.860   0.452204840E-34
  4.870   0.439565901E-34
  4.880   0.425514064E-34
  4.890   0.410174061E-34
  4.900   0.393692027E-34
  4.910   0.376230813E-34
  4.920   0.357965295E-34
  4.930   0.339077787E-34
  4.940   0.319753636E-34
  4.950   0.300177107E-34
  4.960   0.280527618E-34
  4.970   0.260976393E-34
  4.980   0.241683588E-34
  4.990   0.222795905E-34
  5.000   0.204444739E-34
